6278
3511
6153
5620
312
5859
4662
159
6428
5400
3625
5170
5957
6182
2043
958
3861
3922
3389
7288
4238
1842
5255
1547
155
6128
6400
2862
6768
2703
6346
6283
7148
1834
6349
6812
7926
2640
6445
2596
2867
4982
3113
2253
4291
6936
4611
1773
5653
5267
498
831
5233
3443
7058
4420
5344
4026
5076
7369
3355
1885
907
6836
882
7146
1243
1366
4487
7506
2651
7596
919
6401
3688
3385
5911
4323
6583
72
6492
7798
3895
7609
7250
4749
6539
4726
6729
7946
5143
5097
3514
5301
6513
5863
647
7376
4233
2204
2189
1877
7402
941
1857
3680
4882
4097
2242
471
223
7186
3275
5839
7965
15
5996
7194
7845
1897
824
3605
5426
4500
709
7959
4086
1358
2465
5675
5612
1401
534
4545
7865
7458
6266
7097
7413
1672
3809
5266
1800
2518
6104
1839
3824
5523
6220
3937
7011
3242
7697
2676
559
4838
7975
1720
6081
2775
6850
6222
2521
4870
2133
1715
4973
2077
1731
5532
598
7756
6719
7601
5928
4766
1879
3543
3162
2128
1018
957
285
818
1415
5635
2656
433
5735
2912
6325
1103
4313
6191
2208
3029
1964
5111
3855
4879
2643
2550
7318
6865
5993
1321
2668
1740
7023
2714
2997
7750
7827
2977
1349
3813
7740
7341
4471
4642
3742
3274
2163
2784
5168
1649
2414
4112
3142
4144
2708
1846
1898
2388
7974
5742
4855
440
4287
1960
3114
2111
1032
400
4912
7660
7592
3973
6292
1435
5601
846
3852
5795
5283
1046
3800
1888
5374
7022
858
5132
2331
7209
1472
2016
3320
3877
7625
5274
2136
4175
5585
7693
810
6773
6507
4087
1987
1867
5717
434
6752
4709
5543
3947
6680
6470
2145
5356
3574
2863
3480
7734
5482
7670
4546
6796
6834
7152
3449
3351
635
98
2733
7788
518
3909
1166
2463
5926
7523
7567
6282
2558
888
5927
7144
6318
2019
932
7639
5079
1574
2737
6818
7417
5210
2694
2162
1626
6460
3911
1132
234
4056
1721
5313
4079
4334
6952
2705
4273
7234
3317
5807
793
2430
1099
5217
6171
2217
2487
6434
7760
6156
2960
6884
3600
3118
4914
1112
6035
4494
5488
7715
4873
2349
4787
2266
6020
5661
3684
583
2400
7620
4745
5486
7136
1183
7253
4122
2390
732
6448
6692
1882
7302
1862
4634
3318
1035
3635
6891
5211
1950
7993
178
3920
2847
2978
5086
5056
7324
2296
7124
7409
7303
1089
1887
5492
7728
46
3244
2398
1572
1675
6737
6348
331
1837
2129
1193
5208
4279
548
4763
7478
2346
999
7456
5126
3715
5003
5649
6140
4148
5226
985
2332
5902
163
3489
5396
3189
1111
4570
5816
2038
6584
2070
7950
7873
3551
2240
4448
814
3900
1184
4190
4191
3837
6251
1187
7704
7098
746
5729
1876
4706
3687
5378
5766
137
3197
7370
6150
7080
4991
6861
4935
4865
2023
4605
4373
1387
3211
4092
5610
5363
2672
5423
4824
6648
2071
5055
2650
291
1289
7366
4266
7135
6655
192
1919
6750
6219
2135
5324
6347
4033
4867
3286
397
7325
1762
5247
838
3692
7017
1305
5638
5731
1205
4488
7167
4741
2054
4593
7362
566
1311
2689
3220
3205
3402
574
140
3167
410
5441
1991
2555
5024
4941
4615
725
7791
1682
7183
3498
7562
6651
5089
5421
7449
26
3859
2641
986
3277
6098
6501
1284
7405
5891
4030
5066
4512
1786
1033
6673
5178
7640
2143
3960
7514
1841
78
3214
7477
6462
540
480
6360
5878
3927
3810
5881
7208
3533
2841
6505
7818
2807
1330
3887
5302
363
7118
6532
4421
3894
6905
306
2769
7761
5898
1040
5751
3440
341
3272
7577
7122
3378
6456
6559
5574
3330
6394
4425
5264
993
1623
1820
1074
2799
5008
6004
1109
4293
3934
5924
4251
3752
4880
4996
495
29
1316
3619
891
3323
1327
6442
2548
4256
7368
411
3783
1854
5411
6262
2660
960
5174
7476
3058
3335
4520
1851
3477
97
6529
6801
5479
31
588
6959
4582
5142
4290
7668
1972
2946
6368
1363
3786
772
576
4399
7826
782
1404
4837
90
194
4805
4648
5093
1793
6632
7721
1821
5220
4529
2410
1635
1176
2584
1242
2629
4844
3049
3327
4567
1520
1302
1114
2872
3965
1146
7878
3089
4217
7363
2435
2899
6854
2116
1079
6233
3291
1795
5444
2728
4242
2460
7757
1504
2887
1080
1466
2682
6538
2811
4841
1769
1712
3517
4617
3581
4731
3564
4371
4734
2152
3704
1836
5273
7004
6863
7559
1239
483
454
5288
6030
3060
2286
3024
346
5265
1001
4374
6776
1432
2637
3865
6988
3306
5297
2184
3955
4972
6135
354
7010
6806
4237
7054
3776
3839
3022
7488
2938
350
988
5298
5223
225
6931
7605
3482
3261
6816
1382
399
916
6429
1993
1440
1503
7692
6021
2549
2934
4433
5885
3510
6455
5120
186
5972
7754
3052
4893
7154
6038
5490
998
2508
2690
7839
526
3984
2008
1140
4905
5285
6602
4859
7842
3808
2336
6332
7930
301
544
3422
5084
5269
5802
5860
1811
7198
2089
4463
3436
292
4038
4195
5377
1999
736
2403
3455
83
2394
7781
5028
609
1104
3439
948
3129
2723
7817
1360
3087
2903
6005
3018
2340
2869
3831
3338
5518
4992
3151
2858
1684
54
1752
2344
4082
652
1860
6709
2594
7020
5667
2509
3068
128
2284
3036
672
4430
5392
305
4908
3504
7424
476
3270
2443
2322
1975
7147
358
2059
6770
7336
3797
1903
6886
2585
5757
5333
3391
7130
5157
7952
6518
334
7210
7274
670
5019
274
4686
105
7163
694
5113
2098
6212
3607
6412
3967
3193
2721
1409
2812
1770
4721
6939
4722
6365
4534
5496
2185
5152
1662
6888
5480
7351
4183
4743
6983
1875
1660
5591
4794
84
2377
3263
5339
2066
2389
5121
4002
4173
5027
5450
3990
802
5977
1855
5354
7396
896
773
1127
2528
1143
6911
7162
4223
6720
4126
4428
4684
5631
659
2020
5805
3690
5570
3896
1394
7853
1044
5535
2777
5567
6374
1168
7019
1563
3004
6274
2980
5454
7338
4395
7871
5798
7963
3816
3512
4
3587
7979
874
7421
3703
327
1041
4010
2908
1429
3059
4339
6701
1068
3182
2140
5811
213
3350
2510
7948
4200
4602
2333
1110
7151
2776
149
7185
4651
7125
7885
4783
86
3393
2364
2280
7683
2836
5941
4922
7391
1806
2481
759
6175
2731
6027
4188
2411
7744
6234
650
3093
7075
3138
4072
7227
7360
2493
5896
2942
879
3515
3117
983
7999
2822
3339
1356
4474
6554
7537
4846
7018
1054
3631
3749
4362
6385
3643
2805
7418
1442
3626
3433
4224
3548
7459
388
5708
4501
1312
7371
1257
942
6177
6534
7356
6134
5656
5219
40
7263
2927
3112
6023
4416
7247
2849
558
3612
1788
7496
465
7854
5420
2420
2996
7649
7858
7759
6361
6330
3501
877
4473
687
7915
6929
189
5474
1258
3061
5556
370
1627
4157
4445
6689
966
5173
2809
7936
5069
4140
7040
6032
2471
4041
4751
7352
5059
3328
2352
7465
1534
3520
2502
2269
4902
4436
6133
6815
6694
3930
6925
6408
7951
2702
4671
4011
2295
7404
4810
7540
5836
5478
3108
3044
7344
6496
7543
1698
5694
4638
638
7816
5505
4936
2757
205
7123
2451
5563
428
6793
4068
4232
2025
2371
6971
5237
6444
1546
1924
582
4571
1326
7273
4962
81
4481
2104
3992
4432
1460
4166
4596
897
3768
6870
442
5281
5018
2758
6564
2662
3382
7735
7254
1947
7669
164
6073
7299
7895
5848
3890
3769
3180
6467
1396
606
7429
1805
3395
4493
2178
455
5117
6913
4994
3759
4289
7911
196
2261
6237
1592
1797
2611
3271
365
5067
3225
3542
4739
5722
665
4240
3918
1438
2864
7611
7872
6813
3529
5956
4995
3891
1556
3097
1119
927
4600
675
6113
5867
3163
6388
1707
5071
2598
7169
901
6352
1004
3460
2606
6057
3880
5218
7648
7448
5964
7549
3146
6093
1495
7070
7700
1353
7052
4324
4542
5674
3230
2156
5130
2231
2625
174
510
3641
5747
1057
3567
4856
4368
3531
6685
1969
6353
6194
6064
2564
3085
7461
6732
7857
2158
6573
3321
3039
4106
7519
4970
4622
3910
7525
4616
4718
5614
4878
6566
7674
3045
7532
1261
3065
5746
5456
6010
3917
2671
6122
1979
6972
7071
1096
2503
4843
5801
3096
7128
62
2127
2415
3784
1229
4178
2771
7604
3396
938
4149
2552
3609
4552
2888
2906
4085
1065
1772
2223
1481
1796
2489
4069
7005
5318
4296
6082
5871
531
3938
7553
1607
6916
7251
3854
2972
6209
7215
7406
4057
3213
3925
7859
3475
7722
2243
940
6910
2482
3857
6329
2498
3717
2861
5487
6716
3719
3904
4009
4186
5914
6687
7199
6100
2914
721
6193
4606
4508
5934
5946
487
6620
2026
1545
2524
4809
5147
1339
3008
3416
7917
198
4308
4607
235
6606
7330
4177
680
4226
4604
7921
7323
4848
1618
2604
5648
4839
2726
6876
3279
6058
4663
581
3417
5588
1082
4823
3732
7294
5780
7989
5151
5504
5553
281
4039
3565
2173
3431
6869
7159
2190
5239
2195
3076
4214
2592
5257
3726
7939
5155
2033
1450
6835
453
6241
3843
3812
5436
6747
6344
254
806
1410
7714
4666
5077
122
4572
1615
4066
5133
3384
4577
1153
5602
6024
3466
7615
7460
917
1709
2614
3683
309
7139
6405
2174
520
1194
1641
1858
6204
1021
2722
7631
727
5362
6497
7329
5555
5068
5410
2196
5589
5874
6321
2484
5961
7600
6015
501
195
4527
6622
4179
1959
2816
1767
5462
4871
1937
646
4911
2444
4246
3582
5432
5639
7044
93
5061
6643
2825
1386
5319
3978
914
7264
2589
4077
3544
6802
2540
2754
2182
4338
2094
6775
4788
1392
3734
249
5999
1260
378
6179
6014
2840
4958
4830
6691
842
5967
4525
6588
7495
4921
6807
4499
7314
5052
2891
2933
6705
6951
655
3571
5112
5660
693
3649
7584
4845
6375
5085
506
82
6478
3778
7158
3168
4316
3341
2734
6540
7908
106
2985
1062
1030
5090
7765
1373
3560
2417
3878
3160
6121
3002
5413
6867
5177
936
2275
6536
1531
4015
1918
3444
2744
6430
2055
6249
3771
2961
2982
4426
1977
7354
4356
2440
5785
7006
5994
5734
6176
5773
6753
5102
6269
1419
1120
5366
5907
3128
7235
6762
212
6912
7138
4769
7504
586
5680
3494
7306
5562
5572
4393
3577
6830
5931
7121
6067
76
7774
4315
3072
1494
3116
2248
3733
7008
272
3817
7065
1309
4043
7494
5164
4984
7414
330
5367
244
2601
1746
257
5895
5569
2013
1815
4588
238
3173
3471
7777
4235
6151
5909
1484
6955
5608
1778
6077
4210
4218
4154
179
5777
325
6979
5290
2773
2441
1954
3979
3177
2919
1985
2283
3454
4800
4292
7106
2879
355
134
4543
7583
560
7045
2539
3406
7629
3349
5036
6604
4379
2559
3521
1094
3721
1489
7242
4806
3957
191
3826
3914
2636
2804
7062
893
6129
2486
4523
2002
6286
4047
5372
1896
3765
7969
753
7809
1848
5051
7035
4900
2003
138
1638
4027
1292
4869
3067
1390
2438
4768
3496
4934
4509
3963
3240
2317
293
4046
4775
6786
3153
7531
5910
4333
2644
6048
5651
4702
987
3487
1163
52
7339
899
4388
1823
657
4142
6198
1951
24
2955
1630
2567
156
7088
2072
2273
176
3144
473
6356
5662
5201
4005
2436
4180
4055
4336
102
5140
2892
3552
6772
7399
2383
5212
811
6216
7469
1269
43
6503
4929
5512
7387
4254
626
7602
3319
6994
2015
2911
2623
5886
7326
5813
1420
1172
7437
5519
3078
180
1646
4065
6289
6667
6051
2218
5351
3414
5460
7143
1555
4138
3975
5012
6288
4661
2325
4923
4083
271
322
2061
6531
5875
555
6210
5824
4691
7883
1899
7867
7868
3095
1231
4866
3105
5299
13
7397
4560
4964
5575
6454
4654
1976
6767
270
1850
2335
4812
7574
964
7083
5416
7572
6304
3867
5953
1552
1331
6851
1591
6149
3366
1408
1889
7056
5576
5261
6049
116
7411
1612
2093
193
452
688
7296
3364
6383
5981
2384
7452
6969
1872
3012
5146
2320
3374
829
492
6446
2024
1179
5335
4288
2177
5744
6043
3637
1492
5501
3603
6042
5526
177
6097
1275
1995
6342
7510
5327
5849
3645
6231
6047
7810
6075
1564
7261
2496
4759
1192
6987
5530
4799
6001
3924
7219
2150
3556
6345
2048
5627
7719
3672
3654
894
6451
4329
5922
3448
541
7891
6774
5408
3773
3164
3426
6398
4220
2399
6718
1566
1308
2095
4770
5743
3
7085
3224
5399
5852
6898
394
6112
2221
2620
2362
2959
5425
4679
5013
1476
5271
3550
2876
6556
2904
3497
6157
7556
6626
5438
1928
342
2263
7486
4275
214
6970
4637
5765
7727
5670
6063
738
2795
7444
1562
5723
6511
7432
6247
6055
3796
4467
395
595
1212
6259
1517
1711
5457
7372
6612
722
7835
6111
5207
633
1784
6993
6968
3315
2718
953
2470
2941
1529
7925
2017
3365
628
110
338
6427
484
5000
1702
820
7142
4639
318
5284
3989
972
7621
1173
5718
524
718
5837
5606
689
1344
3360
955
6208
6263
1465
7382
1704
4989
7249
3412
3580
613
3840
7738
349
925
2407
5473
5965
7980
4951
3288
232
3143
1149
2148
2262
199
3758
734
63
3001
4257
7852
3207
5978
3307
3149
2687
2212
1891
4353
3472
836
5437
6335
4206
2397
4585
5470
5693
7126
1908
780
4980
2683
1739
6069
2546
5707
4694
737
5150
3869
1768
3602
768
6600
6526
6510
1983
4413
2409
5982
124
1383
7166
2309
2747
2813
5131
4562
7520
2245
921
7906
182
5458
353
4765
5587
3780
1003
7203
2146
7645
1582
3441
975
7819
3513
3388
5277
1202
1548
2561
3538
2533
109
7900
2943
7445
5835
6474
3091
5745
3705
5960
4387
5538
3333
7513
4689
6307
1634
3409
5230
3199
1513
3718
7403
4858
1677
58
3248
4653
6601
4505
6844
243
4270
2458
641
329
887
1551
5463
4004
1313
3135
3054
5748
50
215
4660
2543
7285
6319
7524
3792
7420
2898
6595
260
4247
5204
5797
3858
841
3665
565
1262
4019
7311
3176
5295
3380
1181
2492
5243
1676
6423
2922
7844
5727
136
5389
144
204
362
2424
7425
1347
7594
3181
6425
4495
7786
1470
3020
5634
4698
7269
7566
6143
3735
1790
3835
7749
4120
7115
4080
4681
4319
1971
4715
23
4380
6603
6521
1012
4857
218
4977
3669
7680
4933
3250
6724
5550
5637
2710
1825
516
3713
677
6123
4213
4793
1418
7245
2538
1828
6437
5099
4054
5468
4250
6585
5465
7796
5991
5738
3027
3032
5800
310
6009
7676
6387
7789
7398
3296
6829
7701
2312
7347
2772
4274
6147
5691
1724
277
5249
2936
1952
1228
3397
6468
108
3050
7544
5002
4107
2380
2975
3011
5899
1909
3451
3575
7558
3913
5671
4796
5342
4712
2468
5483
1471
1141
4205
4271
240
6520
5962
2989
290
5096
348
1343
6000
5038
1761
3134
6541
4104
5628
2422
1605
4832
276
1997
3952
886
2597
2522
1734
1276
7995
3462
3453
5182
3923
7293
3183
2675
1914
816
1237
53
7252
3369
2560
604
6795
1238
5166
812
7408
2686
959
6498
1078
4876
2289
1345
4221
7695
1708
3739
469
1164
2080
5823
3106
1567
6740
7230
2176
2167
3546
3795
2653
4137
5439
6291
2348
7262
7043
7474
151
6949
7703
1644
7298
247
7780
2517
1412
5088
1625
7991
4095
4969
7587
3203
3670
845
5386
4875
6189
962
6906
1493
2226
1921
5650
485
6181
1725
387
2402
3107
1124
251
2962
522
1984
774
3255
7200
3283
4269
6463
1304
2282
7202
6477
5215
2224
5391
369
1756
2547
4746
895
5657
3568
3659
2586
2194
2580
6580
6235
3763
6367
1490
684
5401
1048
7666
4216
1794
2994
7275
3334
2292
209
3200
7977
3139
3346
4773
6943
5789
620
2947
2304
6164
5703
4965
5475
5368
5352
7823
3053
5103
2081
3516
6852
6297
2491
7450
1781
1967
2153
6825
7099
6180
7328
2833
6130
4942
4502
5528
6296
1505
4885
5673
2495
2852
1190
3570
4192
4225
2306
5979
3879
147
1064
5407
1723
850
4609
3245
2478
1448
7105
2041
7597
3822
3714
1020
666
947
4975
7755
6953
6410
4924
7007
5176
1621
5980
4737
7801
463
1160
7745
4391
7614
21
2170
5244
3845
7652
6610
1009
5159
2937
859
6022
7595
4708
5216
4646
7802
7707
1351
1578
6227
4396
545
3525
3553
1369
328
7082
2457
7863
1508
7064
4460
3791
3427
6866
4583
7283
537
2565
5663
5311
5937
532
2749
5815
6789
6340
698
926
7348
3772
4717
6101
951
735
3463
3994
6577
1201
7014
5373
7533
4328
7388
4829
4458
5558
1732
1395
1894
3154
1895
2018
4864
414
5593
3218
2211
7705
743
7063
1890
6046
2880
2969
1085
2426
1575
419
2473
1162
3664
4804
5646
70
3252
3663
3269
4626
2298
2512
5305
2920
7297
131
2236
3123
3495
3413
99
5621
5446
5427
4625
300
1391
74
2871
5383
3156
7702
5936
7042
4286
3442
1923
1550
5503
1535
112
3110
1974
7359
7884
1188
3841
6778
7687
3760
7882
6743
1647
2885
4209
7593
4990
906
236
4631
2845
2180
5376
7637
2999
3292
6158
5624
1961
2082
59
7270
7441
6998
6119
6679
497
6199
711
3376
2499
7582
6960
386
255
7864
5016
437
3942
1370
1831
4438
3222
313
141
2824
5034
3499
1186
2627
5312
2337
5397
7367
3897
2258
6039
3953
6186
760
4868
5105
7534
4025
320
332
2437
982
3473
662
856
3229
5161
1393
5890
1799
2161
3048
7814
4819
668
6871
4761
2442
7415
956
1738
663
2373
4963
1214
4435
2923
579
1664
6279
7730
6487
4901
7799
1416
2210
6190
6755
4359
4835
2341
6574
3579
69
4151
5128
5647
6060
6225
564
7228
7623
1036
6756
3195
3479
3191
5987
5838
3907
1549
7932
4735
5559
3624
2998
5626
6589
7355
754
5104
4147
815
4636
5014
3620
4690
5045
1874
1325
4988
6246
1488
6224
5175
2741
296
3006
1604
181
2974
5238
4365
1232
114
7268
2171
2837
1248
4750
2913
1024
4314
943
557
3549
6665
7471
6125
5231
3239
101
3508
525
5515
3047
6914
5044
464
1328
705
6833
2149
462
5246
7331
2323
6071
7861
2472
1102
2563
3344
7451
7171
7053
7036
6698
2175
1613
242
3313
6633
2992
4592
20
202
2753
450
35
6938
5447
4814
1557
5870
7380
5721
6114
1277
971
3386
4510
719
5541
6713
5253
4682
6575
7613
3080
1204
321
3693
6528
5502
282
3540
2001
2267
5240
1208
4199
3673
792
5221
4429
6563
3013
5781
6076
2456
4193
4410
4141
323
6315
2010
596
2711
3031
3043
4049
5053
6131
3035
6380
1853
4156
4781
3281
4298
4372
220
7569
2638
6372
6671
168
488
5092
4544
4861
382
6443
3502
4700
4713
6927
6549
1152
7485
4352
7260
2743
2602
4309
529
4920
6486
299
2732
3007
5990
6763
5360
5901
5236
5428
6771
5763
7113
2187
2739
4993
5011
3863
1932
7304
4558
2141
6853
4950
5040
4305
3898
5850
6958
413
5992
3592
5358
125
1430
3133
2216
153
6864
3236
1683
3691
2300
115
2895
1536
6629
6930
3137
1314
4397
2213
4816
7317
1560
4357
4441
3737
2931
1873
4116
2278
2516
1532
7217
7970
4035
2288
5623
7073
2157
340
4802
757
1910
2464
1596
6386
157
1220
4330
1934
1334
6452
246
1335
2655
1185
6160
3457
5948
3819
6885
702
6894
2412
4618
786
4772
7457
2485
1777
5094
6493
4444
5986
1741
407
5435
351
262
3243
2392
2590
161
7480
6714
3219
7929
7487
1554
1863
6285
3483
2693
2112
585
976
2197
3304
5900
6461
6675
3566
3379
5491
3500
6560
6490
3493
5817
1687
749
552
3524
2246
1745
1191
1628
1506
4187
3010
946
7797
3832
2716
6037
5908
7346
7492
5840
3679
4883
2654
1541
6362
3528
5189
2200
4398
7747
7003
5819
3627
710
4129
1845
539
7890
571
3666
5578
1524
5087
4532
1868
7619
7309
4411
4364
352
4295
5338
4131
703
1620
502
6103
6842
1090
6967
5915
6138
7557
515
7381
5355
6464
4656
7617
3209
6548
556
5672
2828
5303
575
6777
3902
4282
3884
764
6710
823
317
2281
4701
593
3982
6947
1459
4335
2313
5955
3736
1086
7401
6824
726
2396
2568
229
7743
4623
5542
7500
1978
4547
4427
4465
4204
4620
366
7463
319
4264
4466
6544
6982
5730
1657
5308
2835
1600
1421
85
6892
6723
6565
2006
5952
4658
7581
2793
5668
6636
706
7502
5522
1095
7616
4610
4981
2327
2386
3404
5856
5725
1434
1273
5906
1226
4767
2021
3026
6439
1148
6026
3101
7455
1533
1371
6011
5728
2738
5039
372
4164
2952
2551
7095
4211
6495
724
5973
2576
3121
5652
5129
4194
3353
7334
2401
1988
1861
4299
1236
373
4557
5154
1949
4852
1525
5429
2983
3995
1118
5331
1639
1753
4102
6418
3899
2228
5340
2770
7862
3803
5137
6699
6466
3357
5074
2130
1342
5645
2746
4779
1195
7607
4851
1576
1624
5664
3970
6666
4285
1364
7710
6895
5866
7804
7051
2385
3820
6787
7327
6271
5698
7467
5390
2709
7140
6475
5975
3537
2965
935
5476
6152
7030
1087
1116
7923
3986
2663
4058
674
4744
7435
7433
1717
863
2574
639
6702
3372
7386
5507
6811
3661
3401
3638
1883
5306
989
1198
7243
2848
6420
6672
6809
1685
7848
4007
7423
2577
3188
5300
5833
2439
4244
245
1223
3469
7918
4037
1996
4415
5893
1673
6148
5054
4304
5581
3309
1051
1509
1291
1980
1973
3394
3777
5682
6392
3921
1916
6693
7446
152
3429
715
1376
4159
14
682
2051
6711
7172
6957
5394
412
7319
263
4008
6996
3210
791
7119
7295
7724
573
3534
3578
7033
2707
3038
3201
7422
4197
4375
523
6334
1617
1142
4344
3446
7394
7964
1758
5970
7278
744
4877
7472
252
5418
6893
1571
7860
6909
5536
4351
7316
6373
2815
5448
2056
4949
2255
1406
5808
5493
6378
3030
3743
4853
2265
5752
6660
7580
6745
4540
5920
1678
3876
6744
1011
1098
6025
5739
5704
4477
2370
4230
80
6843
5513
3716
7737
2131
973
6326
7184
6954
2678
6417
3936
1014
1377
2850
1512
6832
7758
5370
4327
4913
6552
7783
3655
7973
7410
286
7545
6494
2751
7638
2090
6144
797
692
1060
3731
5861
6393
2582
3447
2664
4670
4342
3868
398
728
6780
7120
3535
7706
2477
5579
1234
4771
1515
113
4521
2566
6331
27
2305
4207
1457
5316
1940
4048
1970
6966
6730
2940
5461
3331
1251
5405
7960
4645
7447
3708
436
1171
1144
6482
5943
3943
1728
3971
1755
4110
3165
1105
4507
3838
5880
7067
3486
2466
7606
1981
6630
4029
6769
4343
2367
2219
1154
3700
1674
377
7762
6839
5158
5686
3558
6715
4624
553
3804
7579
3846
7137
7886
1602
5769
5167
5001
4453
2382
3694
4630
3866
7279
7291
1482
5810
4236
6226
3373
1802
4753
6270
5172
1307
4533
2134
3425
7443
6810
1320
6754
7393
2069
2685
7548
2661
499
6415
2821
3289
580
3968
837
496
720
2446
3179
7681
5022
3470
2652
4916
4446
7343
3356
929
2766
302
2452
2014
1849
2159
3034
2028
4167
649
4927
6084
401
3634
1253
4498
697
3541
3653
5619
3730
3326
3755
1927
203
2658
1461
4219
2096
7256
4906
3392
2988
7224
6826
4774
1123
489
3770
6578
5042
2139
3484
1310
3555
7049
5613
1485
22
4245
7173
1807
2727
7089
1299
1426
5156
2949
3601
4635
4719
3908
7997
5417
5495
6070
4553
6440
1498
3976
3491
4051
1986
7829
5251
4535
6567
4118
3056
1129
5790
5412
7899
6731
100
673
1271
6080
4960
1388
6697
7578
615
6017
6264
4757
2351
3336
7708
6045
4484
347
5409
6508
3260
4462
7157
4568
2060
7753
2729
3003
7956
1706
4243
1559
4094
6457
3745
5690
4808
1835
6703
4084
2740
5820
4538
5525
4515
4550
44
7127
445
1139
6432
2199
7655
1817
269
6859
2698
3310
7150
7935
3660
1658
2915
6163
2647
3184
7879
2554
7272
6616
4135
6162
5933
7988
6476
5894
4798
5451
314
6700
3438
3889
5320
390
7746
7517
7586
903
6822
1469
2375
5050
2040
2735
4549
1285
1601
4881
3740
5149
1943
5714
4836
5193
73
6896
4986
7207
4208
7511
3305
2859
389
6668
7830
6309
1791
5995
2673
5292
3926
954
6350
2374
5477
3033
7024
1666
2022
4062
5197
4052
2542
4169
5198
7193
381
2882
5829
7322
4732
4100
1016
5279
1957
2500
6920
3962
3103
1169
801
7773
37
7149
7392
2713
2144
7081
7100
6421
7226
6933
6379
158
3025
5702
4119
6079
3490
3474
6593
5788
5364
2101
5114
6999
45
2230
5322
789
696
6907
6553
3467
3178
5596
3781
6800
3539
6407
5609
6280
7913
4903
7987
56
7978
3405
7116
2830
5466
3851
7624
3972
5109
481
3849
111
1210
3301
5259
542
315
3476
6674
4714
5060
339
1636
5724
4450
7626
3359
2183
1380
4117
1161
2704
6003
3696
2633
7201
7310
6984
1007
7161
1061
1750
3158
7236
5818
1196
6473
1367
7431
7490
2688
2610
2251
5923
1453
6663
7650
6652
7636
5203
1718
835
208
6607
600
1378
4729
1245
4045
6312
7713
210
5196
4733
6159
7244
5194
3701
5758
3280
4059
4455
6083
6591
1452
7709
133
790
2910
150
648
2047
5531
1808
5443
5517
1696
7112
4675
6808
3450
1803
1801
2826
1719
827
2461
7246
1804
6525
3111
7542
3083
5679
3185
4537
5328
6341
6657
6992
6572
2113
6502
2717
5037
3370
3919
3115
65
6640
5063
577
2378
5947
1637
7395
2544
7568
6381
2724
2433
5533
3613
7440
7922
7928
2981
5786
853
4720
1651
7092
5557
1915
2225
7084
6547
2122
5685
6846
1692
4227
4064
3461
5868
4696
6749
1108
1480
769
1002
6817
1436
7733
1743
7094
1249
4346
4968
775
1038
6980
7512
5455
1151
1580
7342
766
6484
740
2967
2587
5590
3532
4782
3802
1608
47
3706
2520
7238
5459
4517
3148
5888
482
7741
6581
5974
2252
5877
679
505
865
275
4959
3767
148
4457
7547
2730
6336
3977
5644
7943
118
5944
7231
216
7527
2490
1076
2844
3806
4090
669
7434
3657
6481
1006
6944
6682
5774
2103
3671
4887
4725
2928
7027
4827
7984
5192
1147
5677
1019
1283
7430
822
5272
1255
6978
6450
4627
2075
2137
1256
287
1645
3616
5136
7177
7684
1483
458
1962
848
6036
4632
7091
1955
707
7301
3789
915
2315
1317
1155
2050
5404
7632
206
6543
3805
3150
3021
2896
1670
7698
5884
4184
19
2012
3077
2329
843
1081
2031
512
6704
1005
632
1681
4555
7332
5831
4259
6236
686
974
5234
7255
1668
1300
2808
6761
6590
1751
1340
4469
1150
6707
3614
3762
7308
4322
6447
1631
5179
4945
7689
7912
3583
2423
2785
491
1422
4032
6686
3710
1766
7967
3728
2279
6424
4347
594
6422
3652
2818
5065
5445
2889
1159
1667
6154
5062
6797
7050
5
7539
6627
4884
3075
3668
219
4909
1403
7685
3410
5286
7767
2868
5641
336
920
751
7992
844
2205
2680
970
4561
280
1197
6963
2358
7682
6587
7078
4434
2057
6945
6377
7718
7565
443
1227
1764
6426
1568
7794
426
3966
6611
4114
6872
2800
1939
173
1735
6106
4185
6684
5500
4704
3815
625
3860
4937
2354
361
6
4103
7002
683
2944
5733
4597
0
7748
7364
2232
5046
4619
1015
1530
7061
6546
2963
316
6941
4228
5395
7953
1881
5020
6838
2535
3686
1953
2760
2
1944
1397
4888
6019
6414
578
4401
4926
500
3798
892
3377
6096
7096
7769
4976
6339
4821
2474
1070
7046
1713
4158
717
6537
4705
7694
1385
910
2768
7603
7803
616
7473
5851
2632
4312
4241
7546
2099
3102
4728
6107
6798
3120
4931
1847
5341
1814
1265
7628
6136
4872
4613
357
5942
867
5892
1329
4409
7942
6576
7805
4354
828
7072
233
4919
739
4598
3711
5971
2529
127
5485
5759
2616
1049
427
7390
5232
6295
1573
839
5633
508
747
6044
1279
1759
4862
6244
6760
6924
723
4987
4899
6449
799
4418
2953
12
3368
1348
3545
601
295
7635
2649
3722
5775
2617
2666
1241
2064
6592
758
2108
6615
7191
6192
1439
7453
2299
408
2453
5191
5381
5597
2562
415
6205
944
416
1381
2715
3622
1963
402
1726
7782
3586
4528
5858
991
1690
5700
5100
3028
6889
2901
4524
7662
671
4943
6223
7438
2832
5552
634
5160
1697
6656
2045
3262
6406
1829
730
622
6512
3481
6676
6858
5925
2076
2613
513
6333
2902
6621
3589
1066
5985
1586
6848
7290
1219
457
4020
4707
5361
1134
1177
7716
6459
1052
3991
6875
4476
7204
7257
1264
4650
2215
36
5442
4678
6991
1427
228
5289
7164
6827
3785
3506
7176
3640
7074
2575
5326
2432
6609
3873
1224
834
5753
3844
6197
2957
4108
6579
5073
4404
1511
4697
4239
631
4012
2395
562
3063
326
6937
456
642
2062
4688
890
6238
4134
2206
1661
5736
7038
5348
3023
6653
3276
3192
1084
2357
3699
2700
6926
6614
7337
2078
4255
4253
7678
1798
1599
4813
2781
781
7031
2697
2691
4098
6320
521
7957
4932
5043
6065
5616
2326
6708
2514
3015
7778
2117
7442
2782
6239
1757
6302
2186
5254
3617
5950
5307
708
1042
5715
2971
5202
1792
5007
3340
3290
4894
466
6619
4971
6281
4376
6917
6766
4680
4153
5605
4633
6506
1744
30
5260
4687
2628
5144
6570
2169
4649
1375
5762
2875
3983
2046
5630
4563
5035
4954
4789
6950
3503
294
7156
701
4036
7832
3017
211
1428
2966
1156
4758
7949
7903
4001
2118
4378
7771
3293
3237
91
4576
2234
2109
4006
4797
1407
6284
3268
4586
2270
2569
990
1286
7671
3610
3828
3527
7776
3597
1254
5199
4564
1838
1372
392
2241
5716
6948
5607
6357
1958
6252
4063
852
1583
7211
3557
4764
2425
7996
6654
2810
6571
1542
7526
4283
4928
5337
1543
3298
4895
4904
6178
2553
5095
5419
7612
6659
756
785
6542
132
5329
4044
7292
5472
4504
4514
3702
3948
995
4730
2893
6041
2035
3596
2085
7905
2360
4405
5779
599
6516
188
3104
1133
6677
7763
1929
103
7933
6594
3621
678
7976
4018
1113
1206
4294
5913
5750
7672
5467
2794
699
6187
762
3208
1819
3794
1856
4023
825
4727
7059
3267
6995
6390
4956
612
7846
5048
1043
7564
420
1045
7313
3119
5642
7866
5183
4710
5804
2421
7893
6072
4162
5564
1544
2695
1441
4530
913
4040
2823
6804
6431
4101
1216
5510
3322
3485
5683
5551
3985
5469
3362
2964
1
1338
5692
4222
3399
4070
2803
3685
978
5006
4669
6172
3198
7711
2068
7665
4559
1593
7110
2626
5070
7205
139
1268
6207
2699
3300
4915
4268
6061
2797
1240
6323
5600
826
681
405
5029
7914
3295
1650
4301
618
2408
2084
5434
3284
4431
3912
7633
1730
2293
3850
4780
1221
446
661
7305
2819
2347
1207
4590
1705
7501
2257
7875
2951
5524
5932
17
4311
7849
5710
79
2462
3418
5812
4672
6087
6624
66
4021
1010
3109
6596
4554
5846
6837
7076
4536
4093
3278
2369
6293
5969
4280
3241
6618
7223
3547
6742
934
2801
1689
6298
997
4587
1633
5209
5489
3959
3221
5834
833
7012
4016
6849
3814
3324
4482
602
2151
7114
2233
6533
1424
3980
977
7983
1478
41
7720
6631
2762
1053
3228
7657
429
1050
9
2201
5030
3019
7585
7642
5245
1315
1135
6613
605
7055
6168
658
2227
3073
1640
3098
2469
2165
712
6734
2147
4389
2338
800
5791
1809
6369
5371
6155
2556
3650
57
3251
4384
6413
979
640
3046
2125
1423
6232
4641
2449
1699
1199
610
7541
4842
704
1365
367
201
7834
217
4566
771
7300
5026
3950
5611
4840
6746
1272
256
3573
3057
5782
1333
1474
1473
6458
6997
4580
1029
4150
2450
1869
6617
3227
4513
4260
2881
2506
468
6306
5138
4503
3155
1008
4071
6256
3998
6109
7464
1581
5242
4849
1357
2497
5827
1063
7790
5783
5809
796
1686
1659
3316
4454
5776
7107
7812
1922
2239
422
6105
5549
3337
2986
4174
4449
6738
3459
4060
7651
4479
6085
6258
6717
7610
360
6847
5767
4337
1491
5304
3633
5756
3761
5031
6728
3430
2427
2692
4889
2634
5521
2355
813
6759
3584
6974
4736
2970
4263
6904
866
7892
6384
3311
3257
4742
6132
1760
2857
2172
7941
3282
288
7571
3136
6214
4695
3204
6090
3941
5005
7233
6337
3345
6185
1775
3273
7349
2925
5449
6485
7855
7179
391
184
424
6028
1722
396
258
253
4496
6721
1200
6628
5905
4874
7350
5336
2572
4640
4111
4665
2883
1130
1218
4277
7266
3435
1982
7101
6029
922
7289
2342
3958
1701
5629
34
7699
7015
1693
239
2256
572
805
7947
4139
6882
2005
6089
2277
5615
259
2763
6218
2657
7729
5568
3266
7658
3492
4345
2545
3238
5508
4756
716
6086
2260
5845
2126
1653
6990
4152
4703
3358
3834
5968
1486
5041
1073
2719
7934
5539
2541
6091
7732
7530
6389
5499
6946
6965
2429
6881
438
6435
6052
3256
7216
2935
5330
1680
4898
868
2646
343
1028
1611
5188
5841
5701
5654
5235
3383
2842
5015
222
5787
6670
2391
6254
2249
227
3591
425
7686
2155
7518
2007
4385
7190
5595
7888
4160
6545
5799
905
2839
2755
5153
6598
2168
171
6343
7972
872
5145
3302
374
380
7400
1642
1905
1400
7647
71
4394
945
4541
551
5705
4326
7307
569
6986
6255
2532
885
2359
1911
870
6733
2192
4366
3862
4578
3981
5497
7416
123
6841
3522
6183
1301
1994
7220
7847
2909
4511
448
6469
6555
1282
3299
3347
5124
2319
3264
28
344
1865
5669
393
3997
3231
1537
4099
3774
3468
4377
3674
5754
7677
3585
5083
6287
1454
7644
5291
6483
7287
6897
4332
1779
68
447
7039
3132
3888
166
4539
3157
554
6758
5516
200
4096
5598
5803
876
42
1346
851
4310
643
3576
7000
3009
3751
7688
5119
1774
6221
4014
4128
248
7904
7258
1913
6779
2968
5984
1447
1463
486
1443
2878
3375
3037
898
404
5229
847
752
2034
7509
5826
3452
5125
2853
6962
6115
5997
3630
7358
4265
7881
3122
629
2865
4408
5869
7902
4854
7454
5293
4382
5903
1468
2079
1174
1665
2786
7717
7981
3928
1763
7920
1414
3648
1827
7896
6857
6108
4890
6599
4803
4551
5250
7041
908
2448
7248
7153
570
4386
2030
4155
1729
172
6399
1859
3507
3744
924
6856
145
5918
7751
2363
1170
237
7503
7232
1000
7646
994
6638
7499
4811
3342
1230
5828
267
6201
6678
6878
5566
6918
2428
7412
6313
3325
2297
6499
7837
170
2642
304
1956
4168
5792
2939
1259
4067
1274
431
3424
7521
1222
4668
2870
459
5577
7831
6213
6748
6964
1290
6981
6299
2752
6257
4459
2272
2268
4863
2874
4447
627
6558
5032
4278
5415
4442
902
4198
383
2635
7850
2368
4918
2791
5930
4136
5350
4475
4361
4081
3246
6261
335
2573
7187
307
1247
1688
1622
1158
2523
4983
3407
6820
5080
5506
5761
2009
3639
3935
2958
2250
5658
3748
1540
5078
142
4182
5098
809
5365
4176
298
6928
5917
3949
7742
6188
2063
7775
1281
61
7910
900
6397
6625
25
4105
1115
5544
444
5741
3259
7093
5135
279
7013
5814
509
6294
4833
6243
2434
778
1878
3827
5081
7037
4000
5248
7340
4886
6736
7428
5498
3354
3464
1323
4683
6161
3465
221
3287
7807
3893
5349
2271
5929
430
750
755
3764
2932
3790
3646
3823
3915
1250
2345
2605
7731
2353
1319
2595
2406
7898
7335
3125
7168
7271
4699
873
1864
5252
2591
4947
6074
95
2788
6523
6634
3216
530
1679
4946
7634
2483
3423
7240
7870
1449
423
2166
4171
1737
3166
3709
5622
3754
5821
6887
4978
4417
7265
5379
2956
2948
5632
1695
165
2645
5872
3434
4061
5681
3615
3285
4490
6012
6877
6922
6355
7180
4565
3842
5213
1714
4132
5537
2303
695
6562
1083
6821
5049
160
2886
6669
776
2750
6515
6170
787
2124
4028
268
878
6433
6883
5732
311
7811
3969
1818
7843
6524
7887
1945
2873
5879
1936
5760
1526
3186
2244
2316
7090
7505
5091
798
7141
129
5357
3882
3682
5640
6301
528
2608
3875
7373
2287
6200
4818
6276
1812
167
5699
1322
5072
4341
2534
6146
1901
1433
6195
6465
821
2511
7821
7522
6099
5939
5148
3390
2488
5402
2756
2073
587
1619
1131
7591
889
6396
1938
3632
5963
1880
2515
4944
5185
3523
3782
7588
3074
4575
4831
6785
154
4022
5122
5842
2583
6404
2067
1579
4201
3071
3456
3848
2372
3618
4053
6273
1652
6316
5393
3308
1595
4284
7175
7237
3628
7813
7077
4321
49
2307
5778
4013
7955
2669
6305
7131
96
16
1209
6062
5794
4215
1941
5017
2181
417
6267
3933
4522
1034
4161
2846
6211
2259
1522
7800
1629
4659
2624
6561
3775
2790
2220
950
5573
7497
5343
5106
4300
2619
952
745
7656
2993
4262
2519
6117
5843
6419
3421
6522
871
185
7192
5110
6855
5527
7516
1510
241
1935
5275
6480
3432
5004
5594
1655
7554
5726
3590
1405
3644
7937
2921
1384
5546
881
5711
7491
7696
2667
4383
7627
5270
1900
3408
3419
5452
6120
854
733
6569
2276
6002
7924
375
6504
6961
162
6903
3130
303
7462
1350
2083
2929
7673
685
5876
4419
1844
788
2855
2011
4685
3606
5676
7009
3961
439
7528
7641
1287
536
6646
3041
2557
5706
7133
4320
3905
2843
2995
2274
1521
7824
5844
7576
968
6324
5904
2991
1455
4196
1446
4910
504
1462
2264
6327
2884
3901
6765
7214
1059
7068
3916
435
5256
475
2670
5755
224
3738
3676
3951
4483
4231
345
4125
6126
4412
3234
7213
3608
3611
5282
965
104
1832
6248
6908
3987
2570
5440
3929
6690
645
3092
2247
783
2115
4953
653
5433
607
6139
5082
4791
6935
2764
7280
2581
7195
6303
5988
2105
3066
1293
7675
909
3124
4363
3799
3202
1747
2092
7690
880
1594
3079
2318
7069
1389
7086
3727
7874
3403
7766
7990
2976
6649
6664
2696
4621
6794
5294
6118
2866
7515
4754
368
5695
3400
1748
493
911
5123
6975
7998
939
4711
4985
1362
467
2419
4693
1736
5258
3437
2214
3695
1138
3169
6018
6376
89
884
4367
175
2222
1648
637
4519
7664
1507
7561
6890
364
6658
3254
3629
6137
4628
5195
6956
6092
7181
4556
4400
1211
2413
6696
4897
1989
264
992
1399
88
1727
7739
7479
5935
403
1213
4579
6391
5712
4370
3595
4896
4317
6509
5636
1886
6116
4024
6805
5023
4360
7598
6230
6290
1565
1298
761
3996
3247
7087
1527
6605
7379
6260
1246
7916
5403
1870
418
283
3005
6006
7982
7493
5118
1398
7212
3099
4673
3940
4786
5375
5830
7109
1072
1998
3226
1025
1787
2039
1332
1561
3420
7378
2058
3723
4407
432
4776
7938
7560
7315
3174
6942
3152
5583
567
6644
5998
2381
3348
7833
1754
18
461
7229
1295
546
4676
7312
4997
4121
1175
7575
1294
5832
3993
7815
538
1122
6040
2531
519
1157
7752
5134
265
5224
4089
1128
7426
5162
1069
3171
6184
6791
4212
767
1297
1597
3793
591
623
5314
1306
5689
2004
6370
4281
4817
2677
3656
4784
4406
6517
6351
6781
4073
3265
4692
5659
654
3856
384
1077
4234
5309
1093
6066
5865
5296
4740
5625
5796
5347
6608
3698
2455
3387
7563
5520
2792
2324
729
7057
1780
3903
2681
5825
6819
1026
6228
6519
795
3297
5382
7653
2376
7383
92
6782
7779
7419
7630
5586
2814
2827
7725
2405
4724
1017
4472
6934
6354
2366
1733
4252
3658
931
6311
4850
6706
1584
6823
7155
7838
4414
5009
2527
7
7945
4172
3428
3818
4967
6741
6989
770
7723
2160
4486
2042
2924
617
7792
5713
1336
5398
7286
6873
5966
2778
1126
3807
6491
5958
7806
5719
3526
6206
1840
1933
2000
2890
4267
1516
1145
7986
2339
1031
474
130
5887
1445
1783
1137
7940
2954
3090
5431
4297
2459
5075
1930
5897
664
5346
1359
803
5873
3519
1742
3821
6229
1920
2476
1813
7111
5749
7535
6739
4961
1280
6661
4261
937
5287
143
6650
1822
3836
3830
7277
6799
4667
6317
2720
6597
1703
3636
6094
7132
3294
2877
713
804
1587
5784
8
2979
2639
2820
4146
120
441
5484
1318
763
6174
1203
1669
7961
4113
356
2973
6031
5010
6366
4017
6792
5655
3232
6382
4957
226
6453
1379
5768
4229
6416
5047
2036
2106
5603
2631
2311
6050
1413
3689
3040
5678
1464
1425
7822
3872
1266
7590
4644
5989
7284
6681
3314
2445
6726
4485
784
3864
5227
6217
1966
1654
60
2091
3594
6814
4189
1609
3212
6845
5862
7550
6840
4325
5058
5064
6489
2796
3729
6053
5171
4074
7104
5181
6557
4258
7365
1047
6639
2237
2712
4716
7267
2926
6919
2701
3303
1558
5561
3932
630
2767
6899
1749
2838
7529
7484
3747
1765
3881
4272
2593
4492
4478
1217
6757
5424
568
5332
2897
6145
6196
3445
4820
6860
1189
7795
4917
3931
2745
4331
1830
4612
6013
1324
1458
5325
2454
3249
6500
3746
7507
2648
1610
2501
385
3088
1225
3509
7643
7189
2854
861
2193
5696
1925
273
6550
6016
4738
6310
6751
5560
6142
928
207
2049
7029
3051
7436
691
3801
2984
5276
6165
1178
2536
7016
7825
51
1022
676
1606
4760
5115
4573
5855
4925
7661
4170
1058
5430
980
533
5057
2065
460
4078
561
2834
2350
333
5268
918
6068
7034
7276
1663
2526
7599
7840
3329
5599
6471
3367
2787
472
1700
2480
3064
1632
1027
3588
7385
7570
5206
4966
3954
3172
4042
2765
3988
6725
3081
3741
4145
406
3141
6102
2179
514
6240
6007
2603
4652
2191
2404
7793
5406
7079
4276
7145
1235
5959
4807
6635
1518
1710
2621
4762
1092
5540
3599
819
7361
5511
860
3381
1553
1411
3697
7377
5021
7032
2107
5263
3964
2513
2990
3062
3371
961
1502
603
5584
4777
7025
563
5580
912
5453
6371
3161
656
7389
1990
4423
6059
1810
3874
3055
517
4424
1075
1852
7909
4076
7966
1782
5793
1917
7483
5983
6623
2679
3084
3086
4629
1616
2578
4437
4163
3411
2431
6338
3563
4181
6582
1671
547
7808
5387
4747
3082
7468
1892
4785
107
4143
1267
4940
6586
3562
6803
4456
7944
5200
1055
2537
6735
3885
7555
4506
6940
6202
308
7060
7001
479
1539
183
10
7489
4834
3016
7536
6272
2302
4677
126
2321
4130
1467
7919
7907
3870
5554
2053
1577
7985
4822
2622
690
2588
2916
4748
2817
3766
4318
2615
1341
4755
6034
4998
5547
3070
3956
2285
930
981
4392
5938
7508
3069
2917
5853
4939
511
7679
6088
5720
963
2600
5764
3569
7608
5949
4307
5414
550
6530
3361
2120
2831
5529
7134
6203
4203
6641
2761
7889
7663
608
2494
146
7482
2599
6647
7241
4569
119
1244
742
4123
4470
3847
996
5548
3787
4109
4443
4302
4608
1402
2301
266
7772
7470
6868
7736
5688
5854
5772
64
2684
5141
39
904
7877
3312
7968
3833
3478
592
967
984
1451
7026
2330
7931
6124
7048
4581
3196
5509
2029
2530
7353
6976
5545
1570
6901
4464
527
6078
7820
6242
5205
2202
2856
1528
5464
4340
2123
3647
7333
4518
6683
6169
5514
1252
6167
3572
1125
3667
376
1368
4584
7320
808
451
6568
1091
2479
2659
6784
6314
2110
7174
5222
535
6268
6985
3187
7552
1694
231
507
3217
4390
2505
1904
1931
1926
3100
3140
230
779
5945
1278
2987
6265
3536
2918
2027
11
549
6054
6662
1431
7427
614
449
7481
1023
4974
4127
731
5617
6879
4303
3223
1067
4952
4778
5912
1097
55
6245
494
7047
2507
4601
1037
3593
2783
2254
4595
5184
3559
2736
2674
6141
6328
3725
379
5107
250
5228
5384
6166
4948
2044
7165
5940
4891
7880
5388
261
4723
651
3343
2114
765
7856
7618
4350
3253
1902
3170
1523
5385
7028
4452
748
7281
1656
337
3681
4795
7218
1270
7764
4031
6479
5471
6403
5864
7784
2860
7712
4165
6277
190
5889
7178
3561
6764
6488
1691
4594
3190
2630
4955
6411
4828
7407
6828
7384
6915
4516
7897
7573
817
289
4133
3159
7475
3604
6110
4306
2074
5737
2142
2475
169
5116
5163
1771
3258
1833
7971
6977
1496
371
4860
1361
6395
2088
1500
2579
2188
590
2525
2100
5771
1354
4439
32
830
6441
7182
611
6831
4422
7622
7770
490
7994
1590
4088
2748
619
3720
4497
2467
2229
6322
1479
4647
3623
1789
1893
5108
5187
7103
6695
4403
597
4548
5919
4815
2334
3398
4599
1167
1589
3598
1826
6902
7222
6438
2314
7129
5571
1871
5806
5684
4790
1437
4402
4003
2343
5190
5180
1337
3675
6790
1907
2308
5101
849
6300
1906
6308
409
7691
6402
3999
7466
2393
33
1824
2609
4847
5241
278
2294
4461
5604
7160
470
3332
7785
3750
5321
1456
644
589
94
3662
324
840
5025
3127
5882
3126
3829
933
3788
4999
5165
3042
7357
7321
2387
4355
5687
862
777
794
1992
1948
3488
7538
1968
7787
6250
7197
2802
5883
2618
7551
7188
3145
6008
4075
1165
667
7589
1585
5310
6363
7841
2945
6874
2759
4655
7021
4589
5380
2037
7282
5262
77
2774
5534
4603
6923
1088
2209
2290
2203
7962
1296
6551
2900
4792
1785
807
741
6642
660
6921
4979
3363
1288
197
5847
2418
7374
5643
1013
4825
2447
1117
923
2198
6900
949
7876
4349
2310
4034
5770
3707
6095
5353
3458
6637
2235
297
5369
5565
1614
3651
359
5666
6712
3175
6880
5345
2361
5033
3235
1942
6359
4440
7828
7901
7667
4202
3000
2119
3779
875
2032
4358
5494
7345
1843
5976
2164
6056
1101
5214
1100
1107
7836
1071
2706
883
3678
4574
284
1884
7954
3811
700
2665
1477
6535
4938
2207
7768
7958
621
5139
6358
1816
477
1039
2416
1303
4115
2905
4489
4050
1263
187
4657
2138
3147
5951
6173
6783
3753
7259
714
121
5857
3215
4491
2086
1180
4664
7239
5278
3906
2789
6862
1056
3014
6788
6253
3974
2102
4614
421
7221
135
7869
7206
6127
5169
2894
2238
3939
48
5481
3724
6409
3712
1716
1501
1374
7108
3892
3642
6364
4826
3945
7726
543
864
5582
5323
3825
3853
2379
75
2154
7170
1588
7196
4091
5315
6215
5697
4248
2328
2907
4752
2365
869
38
1514
7927
5954
5422
1965
87
1444
3883
5921
6973
2132
2121
5709
4480
1598
2829
6472
3233
7654
3871
4381
478
6932
1352
3677
2356
2052
2087
7102
5740
584
1538
5665
4369
1497
3518
7117
3131
2504
2742
3530
4249
7659
4531
7225
4892
503
2291
3946
5317
2780
7498
4451
1121
6033
2930
117
1603
1569
4643
1866
969
4801
1417
2725
4526
5822
2607
2798
7894
1776
5186
2950
1355
4930
1519
5592
1233
5359
1182
7439
636
3194
4468
6688
1215
832
3886
3944
6727
2806
7375
7851
6722
5334
2097
2779
1946
5127
1487
4907
1475
5225
6645
3757
3505
2851
3554
7066
4674
4348
3756
6514
855
1136
3415
6436
1106
5280
3094
67
4591
1499
5618
4124
1912
2612
3352
6275
5916
6527
624
1643
2571
857
3206
4445
962
7500
2625
2319
2279
5490
2812
3573
6351
275
3940
2789
2242
5946
2911
2765
7446
810
1412
5024
1713
886
1070
6270
959
1676
2468
2758
6142
6337
108
6515
7059
2449
3305
977
4093
7332
4073
6792
1237
5825
2850
7695
3734
4591
4064
2522
4384
6191
5857
400
7735
1017
5944
1313
945
3456
1714
3232
2261
7665
3733
7811
4632
611
6450
1400
3042
4030
6986
1356
5686
3324
3804
5833
332
143
5940
5229
626
1391
5698
5586
824
7462
6311
2008
5237
3279
3750
5800
4825
3533
2389
970
3825
812
6003
6500
3217
1896
7688
2333
4520
4037
6450
2071
1832
5905
7086
5860
3293
6461
3285
7179
3051
4232
5749
170
4646
2000
3547
260
5430
6745
7527
3659
5578
549
4124
5578
1472
7124
1170
7099
0
3327
3756
3661
3272
1666
3558
3282
4340
5315
2971
6562
5567
3284
7113
477
2898
1729
2867
1301
6425
2784
3043
1345
3307
1854
4595
4003
5303
3427
2546
653
818
7154
3378
7383
2861
6979
5730
2039
5113
472
3703
1479
6490
2035
3556
6413
6214
4505
5463
2835
4230
6338
3448
6067
7115
3058
6104
5581
118
5809
4088
7366
7307
5390
6971
4721
2559
3532
6788
3425
5386
752
5995
391
4003
13
5004
1780
7751
2491
1705
163
4763
1310
4499
4718
6230
3696
5717
5795
7630
6563
5280
411
6869
2744
7040
4631
4144
7243
2751
351
7060
3248
7548
1616
1994
7199
1969
1902
415
4141
3290
5320
614
3957
2789
3782
3057
61
6720
5047
2848
2050
3783
5258
1747
3469
5189
5448
2762
6757
629
7228
436
2878
567
7684
3429
5262
1574
1726
725
7068
1594
3705
4693
4471
5936
347
7624
7017
2437
1713
1122
4891
7936
4008
838
2905
1939
1124
5316
2045
7751
7296
4051
1448
2365
6780
6005
5703
7267
5597
4698
6350
4217
686
6930
3211
6646
6014
4638
6259
372
638
6099
2615
1174
6236
262
7762
1839
2585
3601
391
7453
2335
16
2683
2634
4508
273
5594
2513
5496
5064
3436
3241
6619
325
1663
881
7385
3126
5646
2485
7317
6288
6981
7812
735
5858
5989
1320
4213
2553
1734
859
3920
3586
552
2125
1422
6464
7564
606
7591
1488
2135
5132
7390
2799
2003
4004
2163
2272
7539
3980
486
769
4593
7623
6015
7453
3615
299
4444
7701
1459
6643
6224
5270
603
3462
7419
270
1328
2892
7045
4066
5058
1758
42
5790
2582
2638
6444
1662
3174
198
610
2434
4235
6122
6634
628
7349
4498
2886
5589
4545
3922
602
4070
6647
5257
7526
7125
2780
4906
6162
6699
3515
4537
5168
1918
897
5396
4455
7254
2508
1890
1347
3936
2134
7244
1368
5051
5518
816
5865
5229
5602
363
6222
6385
1373
7387
1076
2903
7596
5755
7371
1029
7688
7266
458
2822
1633
4763
5264
189
3433
2677
1945
751
933
7149
2766
802
5126
1624
5442
3050
4167
6555
950
2248
4404
4249
3971
2124
2194
2095
6755
4835
6942
5383
7362
1178
5842
3616
3987
1174
669
2741
2305
6685
1283
6214
5978
1138
7825
1151
5416
3223
6245
7657
6902
1688
475
2913
2789
6595
2199
4491
4624
3148
4444
6330
7095
1673
4667
2428
4447
5743
4558
4341
1075
7404
6042
909
2927
2547
1199
1561
4246
3364
5882
6662
4775
4049
7001
488
7941
941
5447
3742
760
701
2309
6231
6675
705
2776
5487
2504
740
2389
6297
2246
5438
5680
5754
5462
6823
1043
474
2840
7381
4597
9
1149
7746
1037
5764
4119
6329
6852
4563
7669
7649
3592
4231
2710
6459
1580
7448
2541
6527
5987
522
4129
6328
6140
4591
859
2661
4471
1364
5881
7034
536
4617
890
7053
952
6209
5011
2261
2037
3340
1330
6697
1866
6597
2641
7305
5010
6624
2895
5166
7602
6872
7980
4131
6757
6168
7826
5549
5858
5695
3948
2659
6945
5484
7045
4270
1339
6975
2387
6267
1507
5906
507
5653
4412
4452
6056
3347
3173
1036
6653
4524
3871
5286
4552
6652
1430
4510
5314
3535
6146
6049
3317
301
4803
7087
1130
2129
1530
433
4188
7919
4155
6644
4207
48
679
5198
4288
6098
4610
4838
3080
7339
1256
7426
891
7918
5128
810
1781
1359
4311
2400
5329
7031
7236
7406
5838
2246
836
31
3868
5255
4919
2483
7140
4273
7521
5168
4705
7631
7386
6291
6548
5444
5173
7540
7232
3265
5087
7126
2674
473
3355
7775
2036
4477
1970
317
4943
1518
509
4002
5465
2591
1404
3943
2179
5151
1838
2870
2864
6969
6886
5454
2963
3650
7800
7796
2088
7745
6613
7700
5903
5581
5389
5777
2179
4192
5214
4225
1826
4425
2629
7923
6894
3651
4781
6178
723
4372
6344
7837
7930
5784
762
7095
2421
7566
4734
3665
3247
3542
966
4984
4851
782
393
4601
132
2260
6659
2278
5299
3393
937
5417
6088
2938
251
7007
1045
7998
7766
6612
5875
2448
1362
7854
7449
1266
7471
3766
4803
4193
7901
5903
2264
683
4776
5599
4518
7993
7579
4453
1706
3895
1545
676
4199
2729
3910
1372
1461
1736
547
4454
5243
7355
4142
5418
6068
307
3583
3624
1742
5436
3172
4846
6107
2974
6197
4480
7635
4693
6433
4228
2241
5685
1004
6715
6330
163
4986
6407
104
780
3953
4802
7324
7019
7912
1147
2896
7939
344
853
4573
7730
4730
6322
6035
3204
4044
1286
3601
2367
6980
1810
3
6644
7043
3581
2326
1273
3028
4429
1168
6818
1404
4159
1501
7943
1004
5011
7607
3739
5515
4461
1626
2967
7495
6821
5509
5178
31
6775
7700
2981
6360
6564
5073
5677
4702
3462
5313
6214
5577
4305
1771
1056
123
6313
5294
7147
2510
3556
7388
863
7614
5991
4615
7471
7108
5506
25
7409
6049
4874
6374
3956
4452
7649
4129
780
5980
331
7124
2651
1239
7913
7874
3331
7149
3292
2788
2638
2321
3055
495
783
3738
6195
3435
33
722
4010
3158
3027
1863
4566
6895
439
6707
6087
786
6679
3998
2338
7638
54
6324
6477
3068
7489
1497
4558
4362
3444
5469
340
3658
5953
6357
1810
7612
1433
1796
1798
7634
3364
3988
5742
3719
6978
3251
2994
127
2364
1912
3995
1867
6512
4837
6337
7352
2373
4446
3562
7366
4051
4314
5617
2354
2370
1109
6544
3532
4651
2690
4058
3974
6309
459
431
482
5712
3817
3913
7410
7249
3033
1773
416
1074
6059
5040
547
0
5111
4809
7708
192
5483
6401
3149
1195
741
5163
4832
6690
6234
5144
5127
5119
6226
5603
6633
1737
4468
2327
3378
7980
624
5358
734
1702
4963
1058
217
5533
1234
5114
3284
3113
7622
3976
6171
679
1329
1307
1596
4631
4154
3718
1543
7286
7961
6082
775
3138
2794
5475
6979
1745
7136
1971
6597
806
3165
1443
5526
6072
563
3934
4799
3604
2582
6316
3229
2965
909
6936
3735
3459
1697
5081
5333
4089
5599
6804
6094
1972
7213
4117
4239
4185
6078
2543
4058
3757
5858
3610
2590
7465
439
1094
1243
6428
2301
3252
3520
5806
6191
3134
2963
3948
866
2380
163
7278
132
3754
3410
10
3209
3748
5065
6133
480
7561
103
4417
5440
1636
7872
4576
7386
7782
3038
7155
7976
485
4501
4515
7853
1710
7576
1800
4097
6335
2576
5740
5560
7438
2413
6930
7529
193
136
7811
5515
2793
317
1640
856
6642
1165
3944
5145
7033
6600
582
4730
1913
7534
7670
6593
7253
7349
1010
4308
6785
1032
5606
7599
5765
3070
1697
54
895
6518
143
5589
3369
4479
971
923
1722
340
7363
7611
536
1024
5094
1463
4698
6328
4939
7722
3201
971
1828
5983
7765
1782
3565
7269
3077
1262
6066
6791
3185
5240
6026
5618
7064
1561
3515
1935
7828
364
5476
786
6712
1123
3259
5631
3203
4123
4191
544
5742
6238
7818
6773
156
7040
2810
2788
5742
1985
6415
7636
1842
5050
7140
6214
4135
5220
6427
1521
2823
5442
7133
6230
1287
4989
2647
6387
3359
5823
4828
785
599
4370
1356
5971
1412
7373
5344
6493
5253
3827
1682
1279
6079
118
1012
3827
3028
4569
5794
4134
2412
1286
1647
5725
4092
26
1852
948
2307
5704
2501
4306
4278
2508
5337
4444
7347
7003
1351
3992
7853
5879
7541
1235
5095
1136
5939
6122
2679
5215
2128
7371
7537
1723
4505
3458
7547
2948
2929
2490
675
3075
6907
1333
3408
2557
3261
4331
6143
6515
5970
5595
6642
3316
665
5535
6900
2841
2710
4686
2425
1028
7795
6098
620
2701
474
7940
5338
5112
2770
7105
2437
6092
40
7819
2015
1243
6871
5407
497
6267
3202
956
997
593
4178
7858
3170
7139
4559
1041
2279
4697
1643
1386
7346
7496
7543
1771
1194
5642
7728
5915
4111
2461
6491
2783
4722
925
3360
6864
3950
1400
1163
6028
395
7435
2246
1974
2636
2342
6854
6180
7215
2651
6886
1804
1612
2941
1925
1608
386
283
1420
6707
5598
538
2303
420
5192
4139
2095
6483
838
793
7327
3673
2729
1690
5617
2579
7407
3310
5135
6571
918
4581
2470
4133
2027
7902
2839
2226
6993
7419
4392
3351
4583
684
2724
4379
746
5460
729
480
6326
1477
7686
3830
3446
6838
4156
6929
3328
4841
4412
7916
7954
4333
3964
2450
4745
41
7941
4910
4927
3696
2436
3726
4795
7869
7999
7535
4997
6751
6970
6392
7311
5119
6134
5783
5957
5090
7369
3162
3926
6975
2231
3265
112
2509
466
7158
4596
1809
2955
286
3755
7945
7841
3069
7979
2002
7710
7975
6919
2712
6076
4432
4356
6302
991
5206
2039
6613
2517
5637
7507
5363
5276
202
6864
3453
5502
2024
3136
6830
4851
6273
3664
6722
6213
179
3511
6213
1704
2537
1591
2895
1375
2500
1867
1769
2206
1940
1750
5990
5837
376
5767
6678
3516
7478
4387
1504
1143
4159
5587
5607
7858
5087
1930
323
6618
4151
6259
1627
3021
4064
4755
3427
3736
508
3766
3096
1596
3212
6333
1256
1585
7816
3984
6494
632
6910
5228
7570
4170
2734
2817
1461
7304
4512
7283
7058
6912
5966
5671
6336
6397
1379
1781
5651
4674
7581
7190
5533
663
7808
2288
7894
222
5759
3808
3216
3873
2485
7935
3615
6966
1705
228
6941
7765
718
3400
3466
6753
2002
3371
3487
86
824
4929
899
6868
6184
6937
7713
5291
6889
4568
914
5830
7777
7869
7423
536
3976
4021
6178
7825
2193
2956
811
7359
6065
5243
6830
2606
7419
6083
5428
2678
7325
606
2235
6242
2560
7386
2740
2520
3936
5569
2924
3323
281
7592
5311
1162
1711
7205
654
2470
3022
3240
5794
6490
3037
4969
2156
2245
2257
2804
5335
4014
7821
3920
2425
1248
5165
4913
7005
3092
1556
7876
6688
2717
1190
3691
7927
699
4057
5209
6302
1610
4338
1203
4171
3981
2083
6900
7301
7014
5875
3891
3396
2529
1540
7955
6737
1008
1382
5570
7672
6751
6812
1012
1078
5147
4922
4206
505
3856
6883
3657
2887
6085
3704
1094
2080
6108
4363
4893
1025
1785
6793
7452
4572
2213
7111
2256
7982
3413
2459
5255
6329
3363
5719
1009
6009
1479
5341
537
5461
5913
4491
1456
4489
486
6696
5965
2483
2632
7177
4522
2197
1692
3788
7804
4447
970
5169
100
3195
2739
5663
7176
7829
1859
777
5909
4858
1856
7248
6267
7272
1748
4823
4750
3250
1354
7494
1115
2327
2265
2577
1865
506
3526
471
1174
5236
2946
4664
7945
759
1776
5224
2799
3885
4944
3561
3356
394
5582
7219
2796
6448
7339
245
5554
2539
4230
73
4042
7637
4929
7417
3573
1656
3225
1166
1656
5975
7631
4127
2789
622
6639
5119
4844
3533
5621
4173
3946
6142
4227
4479
3670
4286
9
4159
46
4676
6153
1087
6585
4048
7664
331
6770
7708
4049
6791
5805
5060
3289
7800
2751
2942
7000
1427
7486
6292
7123
3937
6629
641
6029
3641
1729
