0
1
10
100
1000
1001
1002
1003
1004
1005
1006
1007
1008
1009
101
1010
1011
1012
1013
1014
1015
1016
1017
1018
1019
102
1020
1021
1022
1023
1024
1025
1026
1027
1028
1029
103
1030
1031
1032
1033
1034
1035
1036
1037
1038
1039
104
1040
1041
1042
1043
1044
1045
1046
1047
1048
1049
105
1050
1051
1052
1053
1054
1055
1056
1057
1058
1059
106
1060
1061
1062
1063
1064
1065
1066
1067
1068
1069
107
1070
1071
1072
1073
1074
1075
1076
1077
1078
1079
108
1080
1081
1082
1083
1084
1085
1086
1087
1088
1089
109
1090
1091
1092
1093
1094
1095
1096
1097
1098
1099
11
110
1100
1101
1102
1103
1104
1105
1106
1107
1108
1109
111
1110
1111
1112
1113
1114
1115
1116
1117
1118
1119
112
1120
1121
1122
1123
1124
1125
1126
1127
1128
1129
113
1130
1131
1132
1133
1134
1135
1136
1137
1138
1139
114
1140
1141
1142
1143
1144
1145
1146
1147
1148
1149
115
1150
1151
1152
1153
1154
1155
1156
1157
1158
1159
116
1160
1161
1162
1163
1164
1165
1166
1167
1168
1169
117
1170
1171
1172
1173
1174
1175
1176
1177
1178
1179
118
1180
1181
1182
1183
1184
1185
1186
1187
1188
1189
119
1190
1191
1192
1193
1194
1195
1196
1197
1198
1199
12
120
1200
1201
1202
1203
1204
1205
1206
1207
1208
1209
121
1210
1211
1212
1213
1214
1215
1216
1217
1218
1219
122
1220
1221
1222
1223
1224
1225
1226
1227
1228
1229
123
1230
1231
1232
1233
1234
1235
1236
1237
1238
1239
124
1240
1241
1242
1243
1244
1245
1246
1247
1248
1249
125
1250
1251
1252
1253
1254
1255
1256
1257
1258
1259
126
1260
1261
1262
1263
1264
1265
1266
1267
1268
1269
127
1270
1271
1272
1273
1274
1275
1276
1277
1278
1279
128
1280
1281
1282
1283
1284
1285
1286
1287
1288
1289
129
1290
1291
1292
1293
1294
1295
1296
1297
1298
1299
13
130
1300
1301
1302
1303
1304
1305
1306
1307
1308
1309
131
1310
1311
1312
1313
1314
1315
1316
1317
1318
1319
132
1320
1321
1322
1323
1324
1325
1326
1327
1328
1329
133
1330
1331
1332
1333
1334
1335
1336
1337
1338
1339
134
1340
1341
1342
1343
1344
1345
1346
1347
1348
1349
135
1350
1351
1352
1353
1354
1355
1356
1357
1358
1359
136
1360
1361
1362
1363
1364
1365
1366
1367
1368
1369
137
1370
1371
1372
1373
1374
1375
1376
1377
1378
1379
138
1380
1381
1382
1383
1384
1385
1386
1387
1388
1389
139
1390
1391
1392
1393
1394
1395
1396
1397
1398
1399
14
140
1400
1401
1402
1403
1404
1405
1406
1407
1408
1409
141
1410
1411
1412
1413
1414
1415
1416
1417
1418
1419
142
1420
1421
1422
1423
1424
1425
1426
1427
1428
1429
143
1430
1431
1432
1433
1434
1435
1436
1437
1438
1439
144
1440
1441
1442
1443
1444
1445
1446
1447
1448
1449
145
1450
1451
1452
1453
1454
1455
1456
1457
1458
1459
146
1460
1461
1462
1463
1464
1465
1466
1467
1468
1469
147
1470
1471
1472
1473
1474
1475
1476
1477
1478
1479
148
1480
1481
1482
1483
1484
1485
1486
1487
1488
1489
149
1490
1491
1492
1493
1494
1495
1496
1497
1498
1499
15
150
1500
1501
1502
1503
1504
1505
1506
1507
1508
1509
151
1510
1511
1512
1513
1514
1515
1516
1517
1518
1519
152
1520
1521
1522
1523
1524
1525
1526
1527
1528
1529
153
1530
1531
1532
1533
1534
1535
1536
1537
1538
1539
154
1540
1541
1542
1543
1544
1545
1546
1547
1548
1549
155
1550
1551
1552
1553
1554
1555
1556
1557
1558
1559
156
1560
1561
1562
1563
1564
1565
1566
1567
1568
1569
157
1570
1571
1572
1573
1574
1575
1576
1577
1578
1579
158
1580
1581
1582
1583
1584
1585
1586
1587
1588
1589
159
1590
1591
1592
1593
1594
1595
1596
1597
1598
1599
16
160
1600
1601
1602
1603
1604
1605
1606
1607
1608
1609
161
1610
1611
1612
1613
1614
1615
1616
1617
1618
1619
162
1620
1621
1622
1623
1624
1625
1626
1627
1628
1629
163
1630
1631
1632
1633
1634
1635
1636
1637
1638
1639
164
1640
1641
1642
1643
1644
1645
1646
1647
1648
1649
165
1650
1651
1652
1653
1654
1655
1656
1657
1658
1659
166
1660
1661
1662
1663
1664
1665
1666
1667
1668
1669
167
1670
1671
1672
1673
1674
1675
1676
1677
1678
1679
168
1680
1681
1682
1683
1684
1685
1686
1687
1688
1689
169
1690
1691
1692
1693
1694
1695
1696
1697
1698
1699
17
170
1700
1701
1702
1703
1704
1705
1706
1707
1708
1709
171
1710
1711
1712
1713
1714
1715
1716
1717
1718
1719
172
1720
1721
1722
1723
1724
1725
1726
1727
1728
1729
173
1730
1731
1732
1733
1734
1735
1736
1737
1738
1739
174
1740
1741
1742
1743
1744
1745
1746
1747
1748
1749
175
1750
1751
1752
1753
1754
1755
1756
1757
1758
1759
176
1760
1761
1762
1763
1764
1765
1766
1767
1768
1769
177
1770
1771
1772
1773
1774
1775
1776
1777
1778
1779
178
1780
1781
1782
1783
1784
1785
1786
1787
1788
1789
179
1790
1791
1792
1793
1794
1795
1796
1797
1798
1799
18
180
1800
1801
1802
1803
1804
1805
1806
1807
1808
1809
181
1810
1811
1812
1813
1814
1815
1816
1817
1818
1819
182
1820
1821
1822
1823
1824
1825
1826
1827
1828
1829
183
1830
1831
1832
1833
1834
1835
1836
1837
1838
1839
184
1840
1841
1842
1843
1844
1845
1846
1847
1848
1849
185
1850
1851
1852
1853
1854
1855
1856
1857
1858
1859
186
1860
1861
1862
1863
1864
1865
1866
1867
1868
1869
187
1870
1871
1872
1873
1874
1875
1876
1877
1878
1879
188
1880
1881
1882
1883
1884
1885
1886
1887
1888
1889
189
1890
1891
1892
1893
1894
1895
1896
1897
1898
1899
19
190
1900
1901
1902
1903
1904
1905
1906
1907
1908
1909
191
1910
1911
1912
1913
1914
1915
1916
1917
1918
1919
192
1920
1921
1922
1923
1924
1925
1926
1927
1928
1929
193
1930
1931
1932
1933
1934
1935
1936
1937
1938
1939
194
1940
1941
1942
1943
1944
1945
1946
1947
1948
1949
195
1950
1951
1952
1953
1954
1955
1956
1957
1958
1959
196
1960
1961
1962
1963
1964
1965
1966
1967
1968
1969
197
1970
1971
1972
1973
1974
1975
1976
1977
1978
1979
198
1980
1981
1982
1983
1984
1985
1986
1987
1988
1989
199
1990
1991
1992
1993
1994
1995
1996
1997
1998
1999
2
20
200
2000
2001
2002
2003
2004
2005
2006
2007
2008
2009
201
2010
2011
2012
2013
2014
2015
2016
2017
2018
2019
202
2020
2021
2022
2023
2024
2025
2026
2027
2028
2029
203
2030
2031
2032
2033
2034
2035
2036
2037
2038
2039
204
2040
2041
2042
2043
2044
2045
2046
2047
2048
2049
205
2050
2051
2052
2053
2054
2055
2056
2057
2058
2059
206
2060
2061
2062
2063
2064
2065
2066
2067
2068
2069
207
2070
2071
2072
2073
2074
2075
2076
2077
2078
2079
208
2080
2081
2082
2083
2084
2085
2086
2087
2088
2089
209
2090
2091
2092
2093
2094
2095
2096
2097
2098
2099
21
210
2100
2101
2102
2103
2104
2105
2106
2107
2108
2109
211
2110
2111
2112
2113
2114
2115
2116
2117
2118
2119
212
2120
2121
2122
2123
2124
2125
2126
2127
2128
2129
213
2130
2131
2132
2133
2134
2135
2136
2137
2138
2139
214
2140
2141
2142
2143
2144
2145
2146
2147
2148
2149
215
2150
2151
2152
2153
2154
2155
2156
2157
2158
2159
216
2160
2161
2162
2163
2164
2165
2166
2167
2168
2169
217
2170
2171
2172
2173
2174
2175
2176
2177
2178
2179
218
2180
2181
2182
2183
2184
2185
2186
2187
2188
2189
219
2190
2191
2192
2193
2194
2195
2196
2197
2198
2199
22
220
2200
2201
2202
2203
2204
2205
2206
2207
2208
2209
221
2210
2211
2212
2213
2214
2215
2216
2217
2218
2219
222
2220
2221
2222
2223
2224
2225
2226
2227
2228
2229
223
2230
2231
2232
2233
2234
2235
2236
2237
2238
2239
224
2240
2241
2242
2243
2244
2245
2246
2247
2248
2249
225
2250
2251
2252
2253
2254
2255
2256
2257
2258
2259
226
2260
2261
2262
2263
2264
2265
2266
2267
2268
2269
227
2270
2271
2272
2273
2274
2275
2276
2277
2278
2279
228
2280
2281
2282
2283
2284
2285
2286
2287
2288
2289
229
2290
2291
2292
2293
2294
2295
2296
2297
2298
2299
23
230
2300
2301
2302
2303
2304
2305
2306
2307
2308
2309
231
2310
2311
2312
2313
2314
2315
2316
2317
2318
2319
232
2320
2321
2322
2323
2324
2325
2326
2327
2328
2329
233
2330
2331
2332
2333
2334
2335
2336
2337
2338
2339
234
2340
2341
2342
2343
2344
2345
2346
2347
2348
2349
235
2350
2351
2352
2353
2354
2355
2356
2357
2358
2359
236
2360
2361
2362
2363
2364
2365
2366
2367
2368
2369
237
2370
2371
2372
2373
2374
2375
2376
2377
2378
2379
238
2380
2381
2382
2383
2384
2385
2386
2387
2388
2389
239
2390
2391
2392
2393
2394
2395
2396
2397
2398
2399
24
240
2400
2401
2402
2403
2404
2405
2406
2407
2408
2409
241
2410
2411
2412
2413
2414
2415
2416
2417
2418
2419
242
2420
2421
2422
2423
2424
2425
2426
2427
2428
2429
243
2430
2431
2432
2433
2434
2435
2436
2437
2438
2439
244
2440
2441
2442
2443
2444
2445
2446
2447
2448
2449
245
2450
2451
2452
2453
2454
2455
2456
2457
2458
2459
246
2460
2461
2462
2463
2464
2465
2466
2467
2468
2469
247
2470
2471
2472
2473
2474
2475
2476
2477
2478
2479
248
2480
2481
2482
2483
2484
2485
2486
2487
2488
2489
249
2490
2491
2492
2493
2494
2495
2496
2497
2498
2499
25
250
2500
2501
2502
2503
2504
2505
2506
2507
2508
2509
251
2510
2511
2512
2513
2514
2515
2516
2517
2518
2519
252
2520
2521
2522
2523
2524
2525
2526
2527
2528
2529
253
2530
2531
2532
2533
2534
2535
2536
2537
2538
2539
254
2540
2541
2542
2543
2544
2545
2546
2547
2548
2549
255
2550
2551
2552
2553
2554
2555
2556
2557
2558
2559
256
2560
2561
2562
2563
2564
2565
2566
2567
2568
2569
257
2570
2571
2572
2573
2574
2575
2576
2577
2578
2579
258
2580
2581
2582
2583
2584
2585
2586
2587
2588
2589
259
2590
2591
2592
2593
2594
2595
2596
2597
2598
2599
26
260
2600
2601
2602
2603
2604
2605
2606
2607
2608
2609
261
2610
2611
2612
2613
2614
2615
2616
2617
2618
2619
262
2620
2621
2622
2623
2624
2625
2626
2627
2628
2629
263
2630
2631
2632
2633
2634
2635
2636
2637
2638
2639
264
2640
2641
2642
2643
2644
2645
2646
2647
2648
2649
265
2650
2651
2652
2653
2654
2655
2656
2657
2658
2659
266
2660
2661
2662
2663
2664
2665
2666
2667
2668
2669
267
2670
2671
2672
2673
2674
2675
2676
2677
2678
2679
268
2680
2681
2682
2683
2684
2685
2686
2687
2688
2689
269
2690
2691
2692
2693
2694
2695
2696
2697
2698
2699
27
270
2700
2701
2702
2703
2704
2705
2706
2707
2708
2709
271
2710
2711
2712
2713
2714
2715
2716
2717
2718
2719
272
2720
2721
2722
2723
2724
2725
2726
2727
2728
2729
273
2730
2731
2732
2733
2734
2735
2736
2737
2738
2739
274
2740
2741
2742
2743
2744
2745
2746
2747
2748
2749
275
2750
2751
2752
2753
2754
2755
2756
2757
2758
2759
276
2760
2761
2762
2763
2764
2765
2766
2767
2768
2769
277
2770
2771
2772
2773
2774
2775
2776
2777
2778
2779
278
2780
2781
2782
2783
2784
2785
2786
2787
2788
2789
279
2790
2791
2792
2793
2794
2795
2796
2797
2798
2799
28
280
2800
2801
2802
2803
2804
2805
2806
2807
2808
2809
281
2810
2811
2812
2813
2814
2815
2816
2817
2818
2819
282
2820
2821
2822
2823
2824
2825
2826
2827
2828
2829
283
2830
2831
2832
2833
2834
2835
2836
2837
2838
2839
284
2840
2841
2842
2843
2844
2845
2846
2847
2848
2849
285
2850
2851
2852
2853
2854
2855
2856
2857
2858
2859
286
2860
2861
2862
2863
2864
2865
2866
2867
2868
2869
287
2870
2871
2872
2873
2874
2875
2876
2877
2878
2879
288
2880
2881
2882
2883
2884
2885
2886
2887
2888
2889
289
2890
2891
2892
2893
2894
2895
2896
2897
2898
2899
29
290
2900
2901
2902
2903
2904
2905
2906
2907
2908
2909
291
2910
2911
2912
2913
2914
2915
2916
2917
2918
2919
292
2920
2921
2922
2923
2924
2925
2926
2927
2928
2929
293
2930
2931
2932
2933
2934
2935
2936
2937
2938
2939
294
2940
2941
2942
2943
2944
2945
2946
2947
2948
2949
295
2950
2951
2952
2953
2954
2955
2956
2957
2958
2959
296
2960
2961
2962
2963
2964
2965
2966
2967
2968
2969
297
2970
2971
2972
2973
2974
2975
2976
2977
2978
2979
298
2980
2981
2982
2983
2984
2985
2986
2987
2988
2989
299
2990
2991
2992
2993
2994
2995
2996
2997
2998
2999
3
30
300
301
302
303
304
305
306
307
308
309
31
310
311
312
313
314
315
316
317
318
319
32
320
321
322
323
324
325
326
327
328
329
33
330
331
332
333
334
335
336
337
338
339
34
340
341
342
343
344
345
346
347
348
349
35
350
351
352
353
354
355
356
357
358
359
36
360
361
362
363
364
365
366
367
368
369
37
370
371
372
373
374
375
376
377
378
379
38
380
381
382
383
384
385
386
387
388
389
39
390
391
392
393
394
395
396
397
398
399
4
40
400
401
402
403
404
405
406
407
408
409
41
410
411
412
413
414
415
416
417
418
419
42
420
421
422
423
424
425
426
427
428
429
43
430
431
432
433
434
435
436
437
438
439
44
440
441
442
443
444
445
446
447
448
449
45
450
451
452
453
454
455
456
457
458
459
46
460
461
462
463
464
465
466
467
468
469
47
470
471
472
473
474
475
476
477
478
479
48
480
481
482
483
484
485
486
487
488
489
49
490
491
492
493
494
495
496
497
498
499
5
50
500
501
502
503
504
505
506
507
508
509
51
510
511
512
513
514
515
516
517
518
519
52
520
521
522
523
524
525
526
527
528
529
53
530
531
532
533
534
535
536
537
538
539
54
540
541
542
543
544
545
546
547
548
549
55
550
551
552
553
554
555
556
557
558
559
56
560
561
562
563
564
565
566
567
568
569
57
570
571
572
573
574
575
576
577
578
579
58
580
581
582
583
584
585
586
587
588
589
59
590
591
592
593
594
595
596
597
598
599
6
60
600
601
602
603
604
605
606
607
608
609
61
610
611
612
613
614
615
616
617
618
619
62
620
621
622
623
624
625
626
627
628
629
63
630
631
632
633
634
635
636
637
638
639
64
640
641
642
643
644
645
646
647
648
649
65
650
651
652
653
654
655
656
657
658
659
66
660
661
662
663
664
665
666
667
668
669
67
670
671
672
673
674
675
676
677
678
679
68
680
681
682
683
684
685
686
687
688
689
69
690
691
692
693
694
695
696
697
698
699
7
70
700
701
702
703
704
705
706
707
708
709
71
710
711
712
713
714
715
716
717
718
719
72
720
721
722
723
724
725
726
727
728
729
73
730
731
732
733
734
735
736
737
738
739
74
740
741
742
743
744
745
746
747
748
749
75
750
751
752
753
754
755
756
757
758
759
76
760
761
762
763
764
765
766
767
768
769
77
770
771
772
773
774
775
776
777
778
779
78
780
781
782
783
784
785
786
787
788
789
79
790
791
792
793
794
795
796
797
798
799
8
80
800
801
802
803
804
805
806
807
808
809
81
810
811
812
813
814
815
816
817
818
819
82
820
821
822
823
824
825
826
827
828
829
83
830
831
832
833
834
835
836
837
838
839
84
840
841
842
843
844
845
846
847
848
849
85
850
851
852
853
854
855
856
857
858
859
86
860
861
862
863
864
865
866
867
868
869
87
870
871
872
873
874
875
876
877
878
879
88
880
881
882
883
884
885
886
887
888
889
89
890
891
892
893
894
895
896
897
898
899
9
90
900
901
902
903
904
905
906
907
908
909
91
910
911
912
913
914
915
916
917
918
919
92
920
921
922
923
924
925
926
927
928
929
93
930
931
932
933
934
935
936
937
938
939
94
940
941
942
943
944
945
946
947
948
949
95
950
951
952
953
954
955
956
957
958
959
96
960
961
962
963
964
965
966
967
968
969
97
970
971
972
973
974
975
976
977
978
979
98
980
981
982
983
984
985
986
987
988
989
99
990
991
992
993
994
995
996
997
998
999
3632
3475
3448
4664
4280
3923
3015
4250
3208
3907
4416
3983
4038
3417
3838
4985
4397
4317
4376
3284
4049
3779
3573
4692
4840
3197
3985
4505
4155
3441
3730
4936
3684
3358
4487
3128
3740
3232
3928
3982
4786
3411
4659
4330
3802
4733
3148
3374
3854
4478
4684
4056
4782
3772
4624
4109
4717
4514
4685
4032
4827
4635
3743
3318
3557
4300
4174
4367
3685
4020
4885
4388
4390
3334
4322
4380
4182
3908
4287
3308
3559
3320
3048
3000
3426
4307
3094
3997
3368
4671
4176
3887
3750
4982
3676
3033
3720
3392
3945
4399
3542
4503
3086
3005
4468
4752
3911
4987
4931
4700
4108
4706
4060
4906
3375
4814
4447
3501
3116
3980
4874
3859
4564
4898
4396
4259
3240
4740
3387
4189
4378
4365
3436
4085
4316
4467
3818
3272
4762
4107
3041
4103
4660
3082
3695
3198
4308
4817
4551
3600
4100
3698
3173
3671
4727
4908
4262
3530
3550
4980
3976
4736
4494
4343
3677
4543
3805
4639
4078
4228
3376
4646
4861
4148
3969
3136
3526
3495
3077
3866
3469
4050
4383
3042
3616
3478
3717
3846
3438
4105
4824
3929
3202
4945
3099
4690
4928
4386
3440
3393
4440
4027
4746
4266
3821
3212
4462
3804
3645
4645
3381
4004
3815
3799
4196
3842
3069
4794
4490
3045
4640
4751
3331
4691
3022
4662
4218
4064
4533
3016
4008
4723
3388
4849
3615
4034
4809
3643
4869
4848
4313
3769
4389
4235
3422
3609
4098
4015
3588
4353
4896
3364
4600
4314
4565
4558
4345
4016
4141
4909
3646
3529
3200
4500
3274
4325
3861
4724
3206
3869
4778
4595
3195
3909
4091
3286
4621
3421
4246
3856
3076
4927
4528
4643
3876
4161
3347
4828
4129
3154
3758
3619
3644
4597
3486
4608
4697
4188
4780
3823
4972
4870
3886
4949
3658
3095
3425
4046
3784
4958
3164
4358
3883
4789
3798
3607
3527
4808
4575
3531
3580
4356
3432
4431
4590
4285
4554
4201
4783
4851
4094
3681
3021
4290
3577
3660
3419
3323
3309
3562
3918
4216
3057
3493
3295
4526
3449
3585
4653
4093
3433
3459
3678
4519
3133
3959
4619
4117
4006
3204
4369
3867
3654
4460
3563
3040
3445
4289
3890
4829
4408
3847
4481
3852
4699
3858
3484
3801
4791
3992
4911
3775
3641
4303
3968
4915
4212
3511
4400
3152
3917
3254
3205
4411
4750
3370
3714
4067
3746
4341
4965
4096
4291
3019
4348
4952
4293
4720
3841
4741
3948
3145
4412
4545
4923
3074
3544
4516
3093
3122
4086
3682
3647
4226
3280
3299
3868
4299
4256
3391
3285
3217
4546
4055
3483
3010
3352
4890
4831
4249
3766
4200
4496
3079
3701
3080
4458
4151
4904
4935
4648
4894
4701
4268
3394
3696
4282
4614
4522
4644
3446
3418
4470
3461
4557
3657
3405
3650
3251
4239
4956
3091
3424
4857
4838
3315
4150
4169
3857
4884
4138
4162
3697
3013
4214
4919
4213
3640
3977
4202
3919
4077
4177
4873
3271
3669
3617
4269
3304
4495
4758
4324
3071
4217
3692
4689
3142
3934
4286
4488
3832
3664
4607
4996
4951
3170
4149
4536
3751
4912
3863
3586
4113
3956
3575
4429
3718
3489
3566
4132
3694
3722
3139
3651
3007
4997
3612
3839
4311
3110
3862
4887
3192
3428
3727
4025
3423
4387
4509
4895
4609
3625
4555
4944
4274
3764
3380
3231
3494
4669
4710
3061
4858
3403
3340
3361
4628
3623
4918
3597
4930
4601
3036
4769
3414
3817
4934
3260
3581
4729
3063
4553
4755
4991
4377
4363
3768
3725
3168
3947
3085
3806
4301
3211
3070
4613
4072
3940
3401
3881
4076
4586
3688
4735
3156
3039
3843
3765
3053
4649
3978
4719
3303
4744
3127
4065
3073
4679
3906
4596
4879
4102
3123
4637
4441
3825
3666
4821
3290
3560
3571
4165
4167
4970
3241
4940
4977
4406
3480
3555
4899
3111
4959
3738
4776
3734
4929
3629
3372
4721
4003
4534
3803
3088
3384
3473
3545
3790
3225
3121
4788
3822
3910
4682
4668
4099
3524
3568
4364
4933
3378
3958
3265
3964
4271
4158
4994
4651
4225
3834
3707
3363
3118
3633
4484
4678
4438
4568
3132
4620
4571
4756
3215
3487
3812
4567
3472
4002
4868
3763
4281
4493
4276
4745
3742
4594
3589
3626
4483
3047
3203
4796
4709
4430
3753
4211
3567
4183
4837
3593
4145
3097
3431
4163
4472
4943
3642
3565
4252
4048
3719
4602
4224
3317
3984
3528
4511
4882
4580
4448
3250
3505
3638
3561
3605
3877
4844
4499
4238
3704
3462
4159
4420
4862
3652
3153
3865
4347
3889
4562
4140
4864
4295
3454
4433
4812
3553
4544
4354
3230
4036
4855
3709
4379
3874
4273
3400
3399
4542
4455
4518
3546
4030
3689
3356
4955
3343
3288
4421
3816
3032
3814
3713
3172
3732
4073
4251
4449
4772
4599
3434
4231
3336
4763
4946
3700
4007
4984
3329
4941
3534
4115
3807
4393
4825
4577
4527
3913
4017
4715
3444
3967
3256
3794
3183
3030
3463
3276
3427
3539
4014
3221
4033
3226
4777
4925
4694
3716
3533
4792
4771
4075
3130
4422
3125
4973
4501
3871
3971
4804
3850
3535
3222
3932
3986
4294
3873
3268
4288
4585
3757
3517
4525
3410
3003
3282
3289
4731
4298
3435
3789
4453
4968
4964
4785
4443
4413
4404
3038
3920
4261
4187
4258
3377
3050
4022
4655
3662
4711
4331
4623
4900
4486
3066
3710
3313
4801
3733
3269
3237
4181
3957
3081
4686
4023
3369
4081
3332
3836
4992
4753
4464
4175
3770
4198
4683
3604
3690
4154
4352
4466
4359
3224
3366
3402
3213
4924
3147
4866
3810
4123
3899
3209
3305
3194
4051
3245
3362
4647
3747
3169
4875
3712
4410
3548
4734
4104
3390
4275
4120
4427
4725
3699
3939
4208
4876
4768
4170
3878
3439
3386
4037
4180
3974
4793
4833
4820
3006
3554
3229
3412
4451
3659
4373
4657
3875
4125
3496
3087
4248
3951
3691
4147
3711
3083
3291
4361
3961
3416
4477
4891
3089
4111
4461
4244
3002
3281
3943
3131
3481
3507
4454
4357
4492
4606
3686
4529
3551
4332
4028
3146
3171
3741
3931
3371
4863
4591
3075
3490
3176
4742
3413
4604
3845
4667
4552
4932
4738
4513
4489
4418
3338
3014
3180
3921
3610
4186
3999
3811
3793
4234
3979
4846
4084
4774
4759
3762
3574
3781
3124
3429
3510
3912
4897
3468
4953
4474
4605
4995
4336
3415
4726
4253
4603
4305
4629
4818
3595
3307
4588
3157
4384
3263
4465
4329
4916
4368
3549
3620
3587
3541
3255
3488
4957
4203
3346
4339
3114
3355
3540
3248
3953
4576
4728
4013
4625
3297
4570
3477
3351
3052
4573
4144
4672
3143
3728
4680
4960
3219
4716
3055
4947
3809
3252
4598
3126
3848
3635
4264
4209
4001
3065
3520
4297
4618
3353
4766
4593
4320
4133
3457
4283
3113
4800
4221
3837
4041
3430
4656
4061
4537
3465
3294
3187
4469
3648
4220
4883
3191
3938
4089
3946
4556
3319
3460
3792
4310
4237
4872
3831
4475
3026
3897
4654
4523
4816
3556
3963
3029
4781
4677
4045
4215
3942
4157
3996
3051
3904
3927
3915
3479
4826
3808
4566
4506
3892
3117
3513
3924
4881
3165
3998
3972
3522
4009
4088
4920
4168
4636
3455
4779
3826
4515
3167
4401
3780
3888
3242
4976
3210
4366
3104
3829
4277
3937
3228
3991
4137
4913
3990
4394
3189
3518
4417
3018
3199
3025
3830
4459
3008
3278
3064
4938
3181
3538
4589
4058
4267
4743
3941
3420
3955
4153
3884
3011
4026
3344
4302
3962
3800
3872
4712
3639
3880
4737
3497
3849
3325
3715
4903
3009
3995
4856
4878
4245
4360
4194
3749
3622
3552
4193
3112
4886
4142
4260
4795
3031
4012
4063
4434
4999
4292
4641
4843
3027
3175
4674
3485
3035
3129
4990
4702
4344
4633
3596
3973
4834
3624
3178
4532
3024
3820
4337
3092
3627
3233
3708
4942
3498
4954
4616
3216
3458
3466
4971
4799
3827
4146
4010
4318
4426
3162
4839
3247
4284
3499
3736
3952
3098
3182
4969
3950
4807
3108
4171
3102
3787
3253
4632
3223
4850
3894
4950
3275
4549
4626
3724
3056
4423
3901
4560
4760
3109
4236
4676
3516
4304
3160
3570
4853
3193
3683
4538
3349
4119
3103
3761
3227
4681
4255
3186
4939
3163
4630
4810
4031
3785
4052
4372
4507
4802
4110
3786
3188
3379
3166
3649
4334
4561
4491
3576
4191
4974
4240
4673
4128
4112
3944
4131
4197
3594
3249
4326
3543
3988
3782
3452
4993
4530
3106
4765
3665
4011
4263
4069
3037
4370
3601
4832
4905
4270
3474
3138
3161
3547
3348
3214
3450
4517
4456
4385
4696
3084
3844
3673
4892
3078
3537
4592
3382
3443
3896
4610
3367
3503
4156
3324
3885
3359
3196
4439
4574
4136
4018
3341
4642
3893
4166
3137
3922
3464
3467
3776
3828
3631
4663
3670
4917
4695
3207
4798
3333
3365
4024
4688
4272
4126
3680
3302
4327
4705
3101
3870
4582
3107
3754
4476
4185
3115
3668
4312
3519
3235
3774
4988
4713
3504
4087
4539
4836
3326
3389
3134
3257
4021
4880
3891
4442
4247
3492
3614
3987
4068
4428
4473
4323
4124
4922
3667
3312
3236
3726
4205
4479
3220
4612
3656
3442
3536
4981
4877
4638
3564
4722
3723
3598
4227
4139
4893
3796
4074
4172
3330
3185
4871
4278
3292
4057
4152
4054
4670
4535
4550
4362
3916
3902
4432
4547
4963
4634
4498
3028
4079
4309
3456
3788
4355
4265
4457
3773
3437
3898
4471
4082
4775
4130
4584
4335
4210
4118
3739
3502
4381
3949
4563
4926
4583
3174
4414
4841
4350
4206
4480
4650
4757
4611
4907
4040
3702
4902
3882
3345
4815
3264
3357
4230
4219
4888
4497
4967
4482
3385
3300
3409
3135
4328
3149
4707
4790
3735
3100
4446
3653
3046
4502
4043
4445
4135
4512
4296
3296
4508
4092
3592
4241
4184
3054
3406
3864
4652
4693
3752
4739
4852
4569
4195
3582
4966
4199
4867
3246
3687
3613
3591
4548
4407
3994
4019
4398
4173
4714
4854
3023
4232
4391
4842
3396
4192
3043
4948
4845
4080
4392
3482
3342
3532
3895
3500
3521
3298
4937
3879
4374
4106
4524
4053
3981
4435
4978
4748
3451
4116
4962
3354
4223
4732
3140
3771
3672
3903
4627
3675
4071
3360
4101
4859
3060
3603
4764
3602
4823
4811
3797
4579
3637
3515
4000
4062
4059
3525
3731
4375
4419
3558
3900
3783
3120
3851
3470
4572
4066
3259
3447
4784
3819
4666
4661
4578
3373
4444
4083
4559
3266
3322
3926
4749
4770
3778
4675
3674
4070
3755
3283
4409
3012
4761
4803
4658
4095
4617
4485
3321
3599
3234
3663
4921
4819
4243
3044
4190
3408
4463
3062
4415
3258
3611
4587
4703
4847
3184
3914
4178
3476
3058
3383
3584
4143
3301
4961
3756
3853
4321
4504
3636
4989
4122
3590
3930
3512
3261
3293
4229
4806
3314
4860
3491
3244
3744
3630
4787
3141
4730
3706
3277
4581
4708
4615
3970
3628
3144
4983
4687
4510
3514
3407
4979
4160
4097
3177
4822
3287
4164
4042
3608
4830
4754
4718
4402
4382
3471
3311
4436
4805
3693
3905
3020
3833
3954
3813
3395
3835
3705
4521
4207
4901
3748
4998
3090
4333
3159
3316
3777
3795
4405
4403
4835
3150
4349
3935
3634
3579
4242
3975
4279
3655
4134
4910
3621
4121
4222
3523
3059
3273
4005
3606
4914
3001
3201
3158
3327
3337
4044
4767
3759
4306
3508
3824
3960
3855
4698
3679
4371
3404
3936
4340
4531
3860
4437
4319
3243
3840
3155
4090
4797
3745
4865
4342
3306
4257
3119
4622
3335
3703
3453
4520
3569
3310
4029
4233
3791
4395
4889
4813
4039
4631
4338
4452
3966
3017
3737
3618
3397
4540
3583
4986
3578
3509
3989
4450
3350
4424
3238
3993
3262
4114
3965
3004
3933
3925
4047
3179
3190
3034
4351
3072
4665
3729
4346
3760
4204
4541
4254
3096
3270
3506
3328
3267
4035
4127
4179
3049
3661
3068
3339
3067
4425
3239
3279
4747
3572
3151
3105
3767
3721
4315
3218
4704
4975
3398
4773
