5503
8817
2105
4256
7726
9270
1019
5475
3030
5173
9176
4572
1869
3325
4044
805
7443
5545
8785
2385
879
1775
2469
263
8323
1423
8620
1338
8964
3463
1436
779
351
1897
7682
2688
2846
8178
6530
9598
7601
175
6484
4132
9948
9091
7236
6622
9476
8995
9277
7128
7372
9096
2164
1146
6304
6070
7447
4927
4799
6913
1093
609
3272
4703
327
7910
4604
1411
3330
1851
978
8845
2547
3647
5146
2066
3129
923
6177
5714
7246
181
3730
3109
7465
5574
546
4380
7046
2635
7525
5261
8565
2982
7490
8529
404
437
2686
2214
6761
5792
2223
4101
7641
1671
102
7698
5413
5924
7857
2621
4478
6371
6743
112
8194
5070
76
8730
7261
4838
1838
8898
7600
1738
7106
2462
8272
5524
7621
8429
6485
30
1997
9027
7543
8648
3171
4092
9557
8938
3182
6038
9437
1439
1390
203
7540
7077
8776
7305
1370
2442
6123
1557
884
5467
6769
3732
9451
3098
4542
6828
9967
4154
6367
4858
5409
2100
9558
8574
5426
2090
9415
8856
9516
8068
9305
7977
5816
329
3796
9030
4442
8531
4850
1340
8037
4212
4496
9237
9111
9453
1830
3120
348
9949
997
3057
1244
8004
2727
5603
5053
7295
4789
427
5069
6498
5933
6288
164
4547
5412
8301
704
9957
4972
8098
8933
6772
6504
691
1102
9629
4459
1081
2652
2786
5068
3970
3721
8664
3095
1948
5026
2906
1410
897
4849
2996
6792
8594
8363
8591
9338
572
7639
8473
8471
6382
3249
1397
9050
505
2624
5718
6935
9625
2903
4006
5537
1295
4388
403
2741
6825
6918
318
5661
638
4229
5160
434
3136
8110
9721
2835
7361
7700
2454
2651
9359
2254
7486
1327
643
3134
7672
3867
947
7458
2988
2553
6148
1593
5853
6546
5060
3206
7572
2576
4801
273
2963
5599
8320
6982
6562
3006
8454
7772
4115
8987
2732
127
9308
8452
5253
4364
8555
1443
4671
2277
3049
3035
4324
5013
8062
407
3954
4731
3664
6250
4012
3801
7479
8158
4761
6809
3780
2364
8465
6372
905
1422
1354
210
868
9710
3669
1999
53
8333
8495
7909
9814
2387
6502
1544
9993
1885
9223
3246
9999
2030
2664
8259
7410
424
1560
1669
1826
7930
1831
9703
6975
7817
5259
1087
771
7696
7645
9022
1090
7653
8562
8010
342
595
3611
5698
3453
1882
4382
5454
8893
1046
7177
2339
8096
8203
4638
8275
7737
9121
8000
3302
8483
4885
1246
1708
1788
1872
1492
6971
3521
2305
6945
7898
7856
5733
3123
3190
881
3948
1792
8460
8377
8818
2029
3581
6141
7127
3377
9038
1759
4488
3631
3725
9258
8354
8971
883
8307
7744
3168
9028
9172
2587
3236
6844
2530
655
538
5106
2625
1684
5725
7877
9332
4297
9609
3437
8719
142
7677
8617
6032
2890
287
1233
2219
9840
5623
7239
5518
6897
1079
118
8197
4854
728
4999
5888
3270
4284
8813
3733
5520
3924
16
9102
1945
3937
1009
4392
6158
1365
7622
2964
2990
2684
6790
1594
7207
2282
550
1518
6287
249
4835
4918
4833
6044
3754
3876
4766
2471
7820
236
7452
1467
7345
2410
3544
3079
9789
2296
620
3289
3183
7534
3898
4792
4890
4489
9364
7809
9610
2165
5563
3425
9212
8702
7120
5104
1232
117
8768
6887
4640
4687
8534
8330
4649
5424
2366
5484
2057
8679
1779
9198
4067
581
4750
1892
6231
3385
3590
9985
969
2713
4133
2018
8939
7296
2637
115
2834
2579
3709
3027
2874
5858
2998
6992
9324
817
286
4486
5081
1310
4089
5580
9538
2404
8116
3845
4899
5976
119
5400
9996
1231
2475
143
6717
9720
6219
9499
137
9540
2936
2286
2672
3562
9454
841
6398
1704
872
3026
4794
7503
8075
1592
4327
4657
3795
8842
4851
2248
8734
8114
7209
7488
7115
3025
2136
695
8120
6061
7743
5117
3268
7966
7154
3344
4396
2431
7101
2335
9981
9616
8400
2218
8043
1732
6310
3815
5143
39
8881
5480
6631
852
3677
2149
8984
5042
9719
9523
9818
7359
7297
4962
6524
8943
5108
3842
1294
5213
1481
972
4145
1108
7853
4487
6850
1533
9273
3482
9070
21
6306
8522
9313
3516
6714
6281
6680
9065
2377
3020
1571
9433
285
7285
1092
8167
6613
6781
5731
6813
8941
4049
2176
5716
421
2280
4806
6496
6841
6718
5073
646
5914
9017
8636
6066
7657
6651
8387
7497
3461
7179
4748
1857
9015
4942
6732
4406
5306
6494
8446
9351
9602
5844
6664
1530
7579
3764
9336
2495
217
4156
7673
6189
823
1821
1766
8274
973
8343
6527
9504
8179
193
1782
3656
4356
7981
786
7883
847
3759
8872
3334
1210
8758
1151
2504
162
7180
1962
8755
3903
7709
4477
9100
1771
3362
2820
6060
185
2776
4934
7976
317
1806
5887
6867
4787
2817
7997
9740
6309
324
4817
6553
2610
1457
4236
6016
776
4274
464
6429
9613
7610
9349
3978
3724
558
5112
328
4053
7442
2281
6659
6692
3534
894
4260
3286
243
5802
5251
5430
9215
9547
2093
1218
2147
6263
7251
690
7717
3186
9850
2446
7112
6076
1929
552
6041
2715
9160
6325
3418
4793
2422
1808
2486
5057
6810
7689
2242
9216
4936
8292
3218
2751
616
2114
5235
461
8789
6279
3253
3718
6473
8920
7567
5310
4007
9692
8448
274
2288
4939
9711
5352
174
6994
9024
6131
6068
8810
6453
8297
4635
2648
1133
4226
4837
520
9112
4432
6275
9442
4040
6022
3850
587
5149
1479
2077
391
8848
5163
4359
8523
4609
6699
2739
1820
8469
4348
8248
1417
8013
197
5127
680
5477
9396
6815
491
3635
2119
2061
9413
563
4340
8053
8182
3339
7099
5058
471
6375
307
9116
9881
6305
8640
3668
9953
4166
1043
2627
6610
6035
6203
1922
6855
5653
7707
4791
7992
9935
1256
1965
6756
4898
763
1531
8732
258
8386
170
1430
7925
3654
5742
9595
987
8500
114
3125
5981
6224
6283
2924
2006
1874
7171
3448
730
6488
9500
922
6078
8727
8674
5155
6592
9533
5059
8177
7256
3726
8724
1478
7007
3012
60
2392
6235
8677
204
2306
4903
5330
9723
3112
2918
1845
2696
3618
8223
4337
2413
5612
6572
8410
2775
4285
7159
8639
1368
9042
9630
6036
7666
4498
4982
3454
1172
5240
4183
8543
1909
4304
5095
7721
9770
9297
7842
5514
5316
1500
7175
8039
8595
2444
5307
974
8550
1653
9204
6797
7396
9576
1308
7364
1059
4627
6822
986
9646
216
50
3409
1510
371
6602
3953
8443
1519
7340
8056
2507
4790
2054
4456
3781
723
9603
5997
3561
7130
4887
7473
5032
5492
2654
4665
6438
600
9281
9775
4581
1640
7292
7013
56
7108
3946
7380
2902
1703
4813
9822
1656
429
2626
4495
6617
9521
5434
3228
6939
5496
9694
4060
3137
7445
5561
9781
2379
5979
3459
5493
469
4910
547
7500
4162
9649
3628
7874
4123
806
3751
2492
2402
1723
6374
1462
423
2341
4170
5902
8707
5624
3284
2655
5369
7235
7015
6589
1558
4586
6238
3354
5125
9493
7280
1546
3169
2592
6768
3509
8186
5444
9539
8376
540
961
4973
5896
3252
2250
8756
8001
8486
5766
2572
7596
9542
9527
4889
1769
8422
2701
4058
3542
1413
5121
8416
9103
1785
3897
1506
4662
7240
8102
3589
2921
5967
4963
3660
9292
1724
7282
2698
1415
2789
3386
3198
3684
6906
5046
1964
2436
8240
2318
8255
431
3261
6901
846
7513
741
9851
1956
4554
7558
42
7252
466
6127
3830
3827
7228
8230
2500
4282
5107
3384
9961
3000
8423
7157
5509
992
7053
3566
6073
6564
9753
2092
5690
5002
5675
3641
455
721
3356
9819
7867
733
7879
6929
7620
7556
8715
6370
6777
9992
5287
5158
1754
3038
9264
5512
9393
3317
8969
8251
6606
3752
1070
3567
8174
5056
1249
9318
6003
9735
8214
8266
7027
843
7392
5404
9529
3157
9347
9084
1125
7476
3679
5625
9450
2537
7634
7073
3700
6450
9143
253
3165
25
309
4410
3843
6179
9972
5529
3984
8765
8760
6559
5247
6579
5593
5540
9026
4758
4523
2239
8256
7608
6729
4563
3834
1599
3793
7012
9362
9429
6697
6987
4196
8980
2815
9054
1837
3494
5668
3505
1868
6029
2529
6331
5804
5819
685
6285
3760
6959
6094
8975
4265
1437
9440
990
3479
1058
7008
929
5511
8913
5738
2928
7238
6120
7844
2699
1991
2333
9915
362
6646
7713
2632
3627
4746
9410
8992
8958
3927
2411
280
6545
7045
8369
5350
5300
6583
2502
8880
930
8198
2134
7144
3720
3367
5188
628
2542
7080
1647
3783
9194
1859
3349
811
6071
5139
7389
2989
7075
2619
5610
3361
3019
4454
9462
6419
7478
5788
1569
3961
289
2179
9304
2106
1259
665
9906
234
2994
8340
6872
4568
6652
4322
6377
6905
7351
9834
4726
1053
9081
3595
2343
2361
3549
7462
290
1499
9832
7183
6380
7565
5889
9234
3603
8627
614
1934
3697
1460
4867
3139
9509
7924
5159
3024
3766
772
9503
5356
7415
2338
7674
2458
6255
1722
5193
3132
1700
5183
6201
7994
419
1455
3117
5175
833
9929
6755
8723
7753
1138
8390
2465
4275
5179
463
5150
6981
6817
5654
9013
6594
3934
2074
8641
8290
1050
1301
3787
722
5839
8503
8236
6373
681
5909
8139
8484
2891
7652
6067
7833
8481
445
6791
7354
9114
4417
4682
4784
6404
130
1419
1760
7324
2443
938
177
7758
8556
2943
6191
2265
8689
8605
4558
9357
3770
4112
6048
6771
2139
6539
7129
6205
5033
517
1800
5189
4901
4179
7519
7044
6969
8524
6253
251
9378
3166
5579
1630
4629
6639
8205
5937
5634
6961
300
7787
19
5472
535
2025
3121
8314
5050
1590
3323
5673
3208
2193
6943
70
8807
5504
5366
7001
5989
2809
9962
4713
3175
3539
7748
7137
9178
5637
4343
8081
8216
7212
3922
796
2726
3205
1536
2660
5308
6500
2019
58
9484
134
3059
244
5236
1035
2417
9339
1463
5554
8497
6196
6195
6408
172
4401
2771
4033
5875
9584
2391
8190
6199
557
981
5280
4126
4184
6491
9531
649
3009
8561
3104
8125
128
4199
7916
8966
5151
1822
1690
5877
5077
5365
998
8956
6630
5721
2152
8027
1765
8055
4026
9731
341
6117
2273
7430
3852
2704
1512
8570
9246
7208
1402
7631
8740
8470
7323
2225
6324
7969
6702
7602
7262
7134
8666
6641
6132
6109
7149
4268
2650
2957
2518
4185
9468
7404
4945
5595
4759
9189
6497
6018
9634
4660
7422
9076
2762
9644
2941
8968
1238
3870
559
6039
3366
9917
7237
6446
5088
9097
6749
3488
3297
9075
7193
556
4777
8161
6330
3913
1440
7211
6735
358
4372
8382
6086
4643
2712
9379
3491
7615
622
3184
5116
9970
7671
5519
4584
7937
1992
5279
1746
8546
7440
5468
1696
9994
1534
7307
3536
8031
6567
7947
4117
3940
8936
7541
1602
8663
4998
488
8282
363
6762
1242
2340
7393
8537
6307
8492
7629
849
6712
954
4715
2228
785
8315
4407
7286
3357
967
1839
7277
6091
7871
8797
3887
7064
375
6062
2449
3747
7468
9064
9020
1841
1234
1847
6556
9195
1132
8809
8953
6206
8093
9483
5805
3846
8628
6591
9295
9827
9163
9372
6059
6733
9282
1898
248
425
1306
6186
9713
6286
6335
3080
3832
7831
9844
4292
8642
6727
2415
2382
7931
1583
1472
1304
626
6296
3691
1943
7938
5900
7812
6628
5166
5415
8907
6401
8752
5735
8551
3040
5063
2750
2398
8121
2485
294
3195
3292
3316
2370
8859
6819
6291
7763
2162
2051
6846
1027
6973
8353
7612
7257
6357
442
3022
1797
2181
3445
5254
4425
9403
1987
5348
882
2459
1400
1208
507
6774
3067
4467
8034
2421
5984
2508
3972
8080
8373
4018
3935
6642
7263
5337
3998
2511
2882
1034
5848
412
6686
218
489
9006
7146
5169
6726
261
7222
2807
241
6168
803
8383
8698
4259
2420
3191
7068
4321
2683
2157
3318
266
2224
267
6934
3892
2154
5438
4539
9199
2824
292
8825
886
1584
3294
9648
9520
942
103
305
3518
4013
9660
2609
6119
5120
6448
742
1791
4191
1300
1366
1395
5803
7741
5904
5035
9101
6249
2290
7413
409
7318
9280
1200
9326
4679
7078
4946
8835
7145
8786
8019
8077
4071
1303
5124
138
553
4741
1447
4365
3185
9153
4881
8478
2345
895
4099
4198
9107
9366
7783
2934
9924
4803
9812
3229
2089
8697
4997
9895
5764
9272
1689
2036
2012
3826
2039
8352
3390
5355
5370
4551
7560
4427
8298
4691
6915
5038
411
1409
5642
66
6290
8007
6209
9682
133
6759
4455
3061
8261
2199
7734
7231
7692
6294
1919
8558
2227
7003
9599
6588
2130
369
682
9726
4947
8927
5347
8869
2177
4561
2570
6172
3804
6640
7220
3719
1502
6079
8876
5285
6624
8862
5005
663
2428
3056
8412
6682
9724
2328
9312
86
3263
2872
1522
5655
98
5154
1442
5702
8586
699
7309
9979
4468
4242
7845
8196
9438
2612
3416
9586
2022
5758
4836
3221
958
2950
6266
2261
7860
4831
6709
5439
5416
3226
6538
7780
9641
2841
3406
9390
860
9071
831
2643
2540
6882
6321
8886
5030
2457
1596
1549
5097
6663
9192
1247
5442
3699
1668
9343
6707
7065
3338
1731
5688
6470
2120
2602
6387
1978
4995
6192
502
5643
656
8829
2646
1280
2243
4294
4873
5286
7742
9314
4374
7023
3802
8599
3408
1525
2766
8706
7255
946
5800
7495
6956
3551
787
2837
3835
6773
889
4968
3583
4150
2583
1535
5499
7837
5178
1433
8359
8222
8821
7218
7308
9738
6403
5546
8504
3568
3047
2761
338
1513
4564
3554
6144
5382
6460
2257
179
5342
1089
206
3424
78
1137
8322
4549
9688
5305
7778
4036
4583
1893
4317
953
5809
2606
235
844
5466
3149
5988
5190
8095
794
751
3716
2510
5817
9275
5114
8033
7872
6136
9196
5521
4624
7658
1082
6737
991
6998
4440
6798
268
4095
4429
3745
4929
7368
6937
6464
5715
4414
3347
2534
9417
1935
7057
3042
1385
6821
3146
2850
7042
4404
5019
9060
1503
6075
7450
5794
6865
8506
6153
4786
8482
8860
7427
2180
6770
4980
9490
9146
5267
7512
2058
415
5405
4048
69
246
3708
567
8837
8455
4869
4987
3529
765
7403
3828
9140
5846
6586
4774
2010
1801
9707
2143
4114
6463
201
1005
3287
365
509
8705
9219
7123
2561
2997
8673
5501
1095
5443
6573
6911
27
2215
5389
7259
6239
907
2883
5868
3938
1047
6122
6397
6615
2312
1989
7745
7369
6019
9567
6344
6757
5325
9733
928
8611
6870
1804
323
1582
9843
5541
5091
8278
5617
3201
8669
337
3999
2659
8802
9206
1418
8441
6868
8747
151
9232
6860
2848
7205
8254
8997
2796
9420
9211
564
9989
2007
2151
9736
2913
5072
2673
4261
7649
2188
6055
6898
3288
5657
6637
6359
7747
4991
4717
1825
2319
3250
6183
5202
4426
7555
5799
5753
5559
277
8623
5319
382
7669
4339
7585
571
8717
9787
3281
6106
574
8999
576
2749
5970
1636
8704
494
8800
3279
8745
8058
6002
6077
3698
3755
8302
4501
9669
1757
4948
9464
14
7030
7176
9004
8750
7611
26
4028
8861
9623
304
9040
542
4450
2390
88
7987
3889
4729
8052
510
4953
4870
1274
7126
331
1603
3177
7993
6257
3306
2826
5246
3808
3301
8682
1665
5821
3636
6963
8224
9947
7492
7633
2403
1578
5040
6176
8665
1670
9717
8286
291
9392
9150
476
2793
6554
8571
9037
8710
6540
9401
6563
2439
738
4762
220
161
7880
5695
1863
591
1380
9104
8671
3273
6354
9572
8935
5969
4016
6434
2055
580
2416
3033
878
1044
2832
530
7776
6445
9002
5010
4994
4512
2435
9813
7618
8467
8421
7546
2
74
1448
5278
3952
8477
9622
7813
3458
9012
3490
5898
3492
9290
7178
3212
6089
3172
7899
2359
2172
1038
1432
9214
8654
7568
9808
523
4024
3762
2083
1783
2744
9061
4722
9732
8782
9389
1192
6662
4830
1037
2314
4408
9526
3786
917
2703
8156
283
7774
104
747
2897
2023
3069
7514
7828
7790
8634
8695
3658
1388
5942
839
9593
3882
4540
9831
9969
1721
5198
2799
7886
4387
4475
1220
6808
4728
4000
4205
2969
3277
9394
3331
8915
977
8991
6104
4591
1464
1957
5470
6954
4677
6787
2595
9368
6220
255
8488
8358
713
2150
9975
4993
2599
2455
3073
8630
1029
4057
5543
5212
7273
4906
5793
4444
7904
4469
9461
332
7379
503
5156
9767
4241
3520
4163
1345
2849
254
9579
513
4447
2049
7132
7051
6298
1516
4589
2877
8241
1790
856
7999
3639
7699
2671
522
5879
7882
7582
8607
2386
7614
9862
2178
2322
5200
807
9408
3078
9005
8235
1207
2163
962
9841
9441
440
8147
9129
1755
7230
3404
6955
9518
4515
1936
1015
9771
625
2081
7275
4084
7122
7477
3891
163
2769
1875
3582
6241
7195
8061
8188
397
7955
7675
593
2520
4223
7299
5550
4641
9306
5776
3431
4739
7229
8170
9764
2893
9197
5432
2692
9541
1049
2509
7264
6273
3908
6439
976
3373
6796
5216
465
2752
5955
278
1120
964
7960
7424
3681
2773
909
851
2140
3412
9916
3701
8379
7328
4422
8588
1283
8329
3502
6188
3106
7768
7800
9174
5843
2869
3258
6597
724
6092
1650
7352
4181
3865
1085
8775
8942
3936
1226
3219
8681
6486
2607
1444
9951
7695
9254
4399
2884
1730
5607
956
6688
6146
154
6529
3545
4203
6135
4892
618
1113
5910
3087
5973
984
2642
9177
284
8721
7530
9136
674
4614
1007
6352
9835
4336
9574
7527
226
9977
8879
7191
5767
5343
7095
6890
9939
534
9388
8402
3758
9152
9757
1425
795
8957
8912
4632
5205
5138
4080
5660
7570
9000
8280
3401
4802
4323
7498
3794
4153
1391
6009
2374
3712
9583
4922
3838
5390
8149
5944
4917
7897
2434
9082
3535
1649
8296
9978
1122
8619
346
5066
6193
6259
6440
8718
9161
4524
8865
9507
1101
223
5801
5873
1127
588
7710
1199
2932
4519
4219
7202
7655
7738
1586
4506
444
165
5336
7402
5615
9260
7508
4661
4940
676
7504
9684
1376
4180
9416
5829
4186
7398
6980
5241
5906
2108
5433
1161
5691
3227
5739
8183
2977
2563
6137
9421
7785
2562
8193
8593
6185
8346
8328
9182
2098
6672
8332
8932
8002
5683
1266
5507
8380
7321
4493
2665
9830
1555
5591
7405
2121
6156
5704
1520
1350
5966
3822
3602
6476
4763
8105
6258
4377
8701
8438
5770
7580
8426
8069
4550
858
7329
8868
9298
5383
6949
7269
5947
9765
8784
1285
2966
3768
8910
4821
3315
1920
4412
8021
3558
5204
891
8896
5141
8908
9571
1297
3873
9491
6125
3259
5017
906
3450
2829
3114
9946
5525
2772
9154
2702
7840
6210
1039
458
4120
6830
6388
3895
8693
4208
4003
756
5830
3833
6432
1996
4338
8826
2201
6074
3813
8687
3860
2783
5041
2578
5544
5351
5011
2555
3127
2272
864
405
9435
5275
4595
6607
2879
3359
1695
1622
901
5527
4727
2158
7767
1815
8960
5373
110
8625
10
6346
1743
1589
470
6033
1846
1639
9592
4157
5722
4464
675
1517
543
683
7973
3646
4008
6843
6260
77
789
5338
9240
1404
9428
8291
2418
8647
1320
8138
1886
7010
1289
9029
2056
2368
2622
5099
59
7870
2908
6308
8133
8281
4601
6647
3147
5399
1025
6088
3906
1625
5516
971
693
7399
7984
700
3447
6264
4065
2432
2196
2472
1487
4853
2494
1023
448
7770
9043
8032
334
5243
5965
1014
8851
8277
5292
8597
1482
6277
1189
1663
1588
9798
4362
5840
5613
6677
7814
7687
9706
8858
4245
9363
2867
1567
1265
1532
3574
5047
764
7499
6237
5925
1166
2981
1576
6673
7142
5395
1143
8716
3579
8889
2968
9058
2068
5635
34
99
139
31
1601
6936
2072
269
6170
2753
7371
955
9796
679
5203
3773
3498
8955
7640
7885
7571
1131
982
1383
6775
43
2532
677
6202
2951
9560
7432
4437
9632
701
1832
129
1676
3597
6752
7715
6021
6900
3851
3128
7474
4021
4816
8384
4781
9997
320
5826
8849
6574
7047
4855
908
6633
9125
4779
1834
5361
7693
7088
8569
7496
225
208
5217
8269
3800
1852
3918
5585
1299
4986
3604
4056
7862
3467
7712
5490
2949
498
8493
6316
1624
7586
5456
1286
6734
7138
870
773
940
6085
4497
2723
4852
5744
3283
3672
6696
7204
7054
2337
5582
6747
3222
8090
4193
484
6805
9263
8688
1381
9983
6483
6154
1854
9769
9581
1796
7125
7705
6050
4882
158
1710
451
5685
7451
6342
8040
819
9968
2034
3665
82
2947
4499
3756
8227
7659
3145
4937
207
6204
850
5705
7544
6300
4745
4923
1871
4017
1573
7728
9148
7921
2617
9166
2905
3858
5730
9829
651
6023
8545
8815
8922
1484
6516
8816
6456
3421
3836
861
4555
1180
8894
7928
5164
5775
4824
7406
8637
9307
5761
3210
888
4452
7550
3831
4367
7234
6368
4344
8388
340
8113
1272
1756
7267
264
3649
6569
5428
3417
9944
1292
4311
9487
5233
7319
4217
2015
9098
6903
9604
6234
9901
8362
541
7071
5640
3111
7429
8243
7029
6778
3426
8638
6510
3625
5703
1062
9489
3340
3215
9205
4718
7210
4103
8525
2564
2521
6590
8153
2032
9227
7613
512
9768
2310
6126
8803
1209
5631
706
4169
743
4695
3986
7061
2569
9208
3434
3893
7769
3180
8806
9577
3985
1371
1780
5052
2904
6715
5751
5321
1777
7757
7636
9341
7491
4302
8947
2608
9477
9788
2237
4904
5901
5934
0
5679
1106
6472
1353
2399
848
2123
6356
589
3245
5693
8502
935
3686
4919
5016
1563
54
8576
5199
6492
7811
9605
6435
9754
7548
2131
2860
5378
2079
6669
7453
1245
8662
2426
3557
9057
8827
2721
9474
1171
6251
176
7320
4812
7221
7381
7685
1068
4701
778
892
9469
4027
5497
6902
7522
5103
7733
7723
554
9385
869
1527
6674
9909
3676
472
644
63
9565
9879
8046
5100
697
6366
8589
5710
5220
8415
6454
6794
2216
7847
1607
8615
3601
4912
4463
5662
4913
732
4090
8564
9268
6410
7455
8189
9023
672
6845
8247
9594
3239
5346
5590
7818
1270
7327
8389
604
2955
7421
5920
6720
7779
9073
1768
3300
798
3854
420
1099
1237
1110
7679
4086
9467
9918
4375
2853
9419
6968
9699
3844
1111
5250
8260
5085
171
3303
3393
708
875
3525
1955
5791
1643
6740
1251
9186
7730
1981
3174
1253
293
4574
4011
6534
1378
1734
8293
4780
1290
710
3585
7935
1445
4675
7642
5575
8479
1687
3050
5039
6140
7103
760
8351
9826
780
2973
7547
8398
3487
3368
2274
9110
7575
8516
2845
4992
6402
3159
8990
7806
7878
7105
5855
3823
3034
7039
6442
4724
9774
5064
7764
9998
4129
2293
4055
433
761
865
3151
1372
9320
1211
8312
6004
1942
6706
4844
7198
8393
6383
5922
9897
9877
2038
5880
3353
4433
1067
7735
3609
6381
2728
9697
688
5763
4072
5510
6184
4269
821
5670
4144
9288
7869
2080
4077
4669
9123
6084
6121
1022
3667
1168
2145
6322
6840
8909
8805
7456
5913
4977
6289
1486
6921
1452
750
9821
456
5281
4593
3438
8965
1597
5665
3810
6246
8146
2220
1489
5871
3917
8246
4633
7449
4769
4303
3942
4900
2711
4716
2967
8633
4891
6972
8963
5542
7063
2295
272
1980
1198
7493
190
2166
2127
3637
7597
3433
9903
7663
5457
9402
6341
7085
4293
2002
1129
7510
815
3541
4562
6225
45
3737
8808
6489
918
1744
8118
6891
8852
5022
5238
8199
8762
6948
5583
7104
2132
8961
2283
9278
6358
3960
5797
6098
6252
3947
8074
7086
8342
7902
7283
2078
5469
8763
3293
87
6466
5608
2925
5697
8378
5094
7668
4310
1173
533
2357
5479
2758
5647
6842
1326
6611
4909
5171
1993
2075
7804
3600
495
801
4030
5548
7990
3472
7184
7322
3711
1862
4645
2724
4950
1509
8954
303
6522
5962
2983
8143
4663
7521
2292
1386
9637
1104
7509
4757
8491
9938
8494
9761
3530
9455
2112
4288
606
9236
8375
9009
9987
6233
4032
2069
1311
3606
1105
5596
5315
7483
2138
3504
3086
7417
9316
2053
3383
6625
9718
8772
7933
8512
9685
2517
5602
3199
9716
6614
4984
9620
4545
3746
2560
6549
6609
8974
6379
2806
515
7301
9276
4944
6701
824
9498
6049
9080
9250
8008
5172
1541
919
7593
2725
9322
8557
4119
900
6835
1958
5446
7460
5645
7437
3736
6864
6832
9434
2531
8313
7376
970
441
2875
5299
9772
7386
7298
9381
1495
6967
3994
2735
8771
1526
2297
5806
9737
6420
1
5606
7173
551
9478
8159
3037
9536
2556
479
460
3513
4820
6856
2091
344
6997
7375
6608
3968
893
8012
4106
8685
6700
5724
6724
4070
237
5605
2958
4797
3203
6097
8238
6580
46
6323
9551
9702
7788
6941
1938
5628
4315
583
4908
8759
4034
1508
3312
1416
6557
100
3565
2478
6096
4664
2730
7816
4736
6430
9914
2234
4615
6415
4743
762
1944
2350
2718
5000
1026
8430
4949
6550
2842
281
7391
2480
2694
3005
7266
4556
6839
6853
7475
1654
705
7805
659
4334
8877
2107
2649
3410
1781
5371
630
6421
3507
6008
7766
667
7985
2788
8873
24
4575
1631
4105
7995
5388
3962
9337
3552
8419
1331
1394
9138
4502
9847
4494
2900
1307
3138
5273
8499
4097
9792
3671
7287
3013
8403
6826
7397
6337
6767
920
4521
7020
5823
769
4005
7469
4378
4842
1260
9683
3571
3216
2231
1995
6365
1149
5918
3241
3515
9287
1163
9169
1572
950
7050
7117
8616
6118
4069
7989
725
9839
3532
9230
6649
2580
8042
4951
5012
3928
9267
8614
194
7339
6616
2828
5
3531
106
4061
2202
3575
9662
1501
5760
6873
5813
7697
5309
4809
2667
2238
4187
1302
4978
2954
7172
2784
9570
2468
9093
7919
5079
6676
3682
8083
6332
6645
9647
3717
3959
1707
7900
8085
1833
3179
4673
2427
9369
5048
9893
4526
8946
716
4385
7019
1705
1907
5820
7332
3713
6000
2785
3162
5994
1835
8645
2325
9654
3350
7511
8025
7200
2616
7688
5633
1159
9930
9600
144
1606
661
1147
3271
7702
1692
2482
6128
5707
9870
8213
3422
2479
4233
1946
1033
5927
7096
809
3548
7206
9072
5471
1103
2571
506
9113
4590
3576
5210
6925
6910
4096
2124
8783
9825
754
5597
8399
3008
9806
781
4402
3178
4173
639
9296
5231
9614
2389
2470
8394
9055
3398
2503
4876
2396
4847
5570
297
6788
7577
2269
1609
3675
5958
8265
5098
5960
5847
7355
1341
8590
6886
7110
8112
383
8790
7604
566
5810
7289
6703
7542
4613
9256
4840
8287
5648
4859
8089
9409
5652
4971
2868
3248
5604
4723
9942
9443
5473
9342
13
8417
7626
1736
9530
709
1764
3088
7032
6515
7894
8796
8891
4585
9549
2863
1711
2859
6751
1387
2894
8347
9663
8374
189
1699
1747
3207
5221
2183
994
3181
6531
1855
7174
3378
3407
8289
4608
9331
2240
647
887
4754
8232
22
9580
5186
4386
2645
2985
6753
3451
662
1540
354
6095
7270
7083
2861
6604
8356
6671
7250
3364
5513
9715
1924
6361
6090
147
5526
3189
5376
5078
9099
367
8026
7336
9573
1539
1787
2971
5417
1915
4571
7484
4098
7472
5464
1867
474
2566
6912
9926
4482
2252
1591
126
1844
7746
1514
6433
7433
4825
9432
8885
8176
6026
7232
5564
5288
9092
5905
4957
8675
5926
2833
8911
7549
759
3379
1083
2582
9569
2102
3084
2597
240
2615
5387
7070
3187
2865
6391
4118
4148
9130
9864
9528
1899
5225
9988
7954
3342
7383
1823
2930
7258
9793
8496
873
2070
150
2811
8770
2945
832
7961
3372
7722
3290
2778
2594
4194
5700
4672
1812
867
160
601
2185
5856
7694
2375
4612
1616
2013
8563
8270
9315
4306
8319
2901
6174
401
3626
6831
5176
4670
3563
2792
1497
6783
9923
6716
2324
2437
9007
9159
6207
2342
6487
1075
8022
1901
6015
4127
8833
9391
191
2527
7067
5538
9011
7349
5682
792
3653
7304
6297
1154
3586
7915
5482
612
4880
8683
650
3640
6007
673
2647
9704
9345
8047
3881
6417
5215
8514
449
1908
3805
9627
902
8128
4698
5402
7245
3011
3888
7385
3143
1126
29
8573
8754
2073
8743
3478
38
7859
7576
1377
4600
8518
3470
4335
993
389
1890
5860
4238
4140
5461
4697
1429
9426
9824
5964
3884
9371
7941
1632
1255
2748
1088
1013
9213
1545
8656
462
6862
8519
3642
7562
782
8437
1337
7333
6668
1968
9535
5303
4445
4446
8621
4143
4725
4391
9291
9670
1551
2423
4081
8618
8708
9019
6812
5872
7005
5474
1190
5244
5796
7951
9739
37
4883
9868
3869
2267
6334
7254
4753
6501
7435
1496
1424
9201
5892
2999
5566
1066
3110
3811
4167
8129
6695
610
4200
7223
9233
1528
1456
1466
7749
8855
3242
1577
5394
1713
4979
1351
9010
5083
2895
7274
9727
3945
4449
6411
3949
6916
6508
6
4674
6544
1097
1988
631
9784
8420
5152
2113
9976
6245
1610
2407
9872
3803
3685
1678
9804
8408
4818
1827
2230
5656
9842
5109
2323
6739
7609
1814
173
3500
4893
6166
1240
6113
7227
9746
1682
9353
8547
3234
4014
7147
7501
4109
5812
9299
6058
4237
3629
5549
9300
692
9310
3861
64
496
9562
3921
8541
5197
3441
4503
799
4653
2847
5228
731
5257
8736
9334
537
4174
384
1155
4474
4559
7907
9695
2909
8048
6467
3748
8575
2353
4767
6708
2226
84
1974
3435
2549
1973
8926
9404
4424
7630
4197
5678
1552
5294
1357
7026
788
1878
4826
7939
8409
7448
8490
7887
1281
1263
9845
8824
8326
746
9927
2668
459
5283
4206
6517
9937
575
9436
6670
1451
926
9340
3141
4073
7988
8691
9887
4636
1799
1223
4370
5051
1140
6999
5824
3619
7792
4808
6200
6656
6568
5489
3224
8233
6976
1006
6658
9589
4860
8459
4976
1951
4082
7000
178
233
109
3071
1469
301
1976
3092
9691
6461
7750
7656
7036
4960
9358
5553
9244
8696
5392
4009
211
6691
582
5332
4897
6284
965
7958
7387
3931
7865
7588
4848
7489
5569
7089
7167
4010
7315
3900
8508
6317
3715
1071
4642
5296
3689
912
7284
4778
7754
1612
1741
2662
7394
5834
8919
4023
7271
4598
890
7647
6369
2311
8916
1642
8063
1891
3282
1912
9955
5282
5971
1162
4247
8171
9425
4914
6046
9696
7932
5622
9661
9508
2991
4975
592
9676
7
5891
9783
3365
4254
9905
3723
8828
1042
5556
6596
6962
9958
1336
9635
9686
602
3170
1028
1248
7272
9151
3533
1471
4443
9218
3052
560
903
9960
1877
2249
7219
7756
1735
85
1729
4257
6784
1169
504
3742
9249
1224
6849
3775
8528
6001
4423
988
3070
9265
5923
1600
2523
9142
6938
4379
6311
4051
3702
2376
6299
192
4355
1040
379
3680
3382
3232
6451
9966
9651
7434
1403
4277
8308
1926
3113
3116
349
2463
1267
2919
353
8428
6270
6194
7135
9294
7081
7927
8568
3849
8030
9190
8711
6721
3690
9680
6861
1219
9344
8253
6425
2927
9033
927
1688
4532
2405
8839
9833
6983
5743
5333
302
4273
8713
6951
5601
5335
1902
8151
8661
8305
7370
8485
1921
5632
2483
7196
6495
492
9494
4964
562
1985
6884
1323
4981
3402
2864
2737
9119
7217
5736
8559
6587
4693
9384
8774
5293
9548
6452
5506
4699
4104
4453
6229
9802
7052
8513
825
707
2779
1614
4438
9596
1461
3405
1174
5663
3464
2858
4605
8746
1407
8344
3632
577
47
9034
3623
1012
770
7926
7802
3391
5020
597
6272
1203
7786
1860
5785
3630
8424
2535
3657
3400
8304
5447
2344
9423
5396
5214
3486
8476
6040
1634
7331
9762
853
579
3083
3413
9252
532
1714
8141
8767
2031
9471
5616
8447
5720
9658
1344
6449
3440
3489
2593
4108
1078
6547
7956
136
7197
3655
2298
8212
3789
1406
9693
7729
1916
124
8741
5054
1229
18
1453
9162
951
8901
4383
7158
4470
1828
4954
5110
7056
4240
9619
9639
17
2433
7334
1446
2691
3714
9886
727
3791
4692
122
5368
9173
4472
4518
2898
5836
1324
9106
3298
2187
6690
3617
2681
3126
9445
9473
9496
8720
3133
5911
4015
2190
3043
1850
8337
4419
6054
7929
1608
372
2591
516
9134
2146
4884
9837
4905
4142
5977
3473
1742
2383
3048
40
1961
2972
8878
6923
1094
7362
9247
3501
8967
1284
9168
7143
4782
6244
1686
8157
5462
7834
4570
2285
6364
8520
1392
1475
8487
3837
4350
1715
1982
7681
9062
7950
4878
611
7141
3449
6142
2050
4480
4458
3124
3594
2445
629
2348
3352
7991
2000
9036
180
8135
4131
7703
6399
4151
4511
4798
5573
7791
2899
7953
4974
6542
2235
4622
6013
7646
6986
8572
96
3240
7163
73
6384
3910
2232
7566
1887
2447
1793
7224
2011
1673
5427
9624
5921
8906
7515
2268
3176
9370
3455
2042
8262
8180
3674
6459
729
9896
9031
7009
5357
1458
4441
5157
3933
2351
8464
8086
413
876
4505
6520
2818
1680
3007
3546
4312
2586
6413
5609
3062
6827
5998
6274
1164
7360
9431
4916
4110
4926
2588
5043
67
2060
5485
1737
5420
2326
1849
3966
2041
8737
7072
5182
1332
6930
6216
9117
3163
8036
1794
5885
4295
7253
5128
1568
802
9855
8245
2656
5410
720
3519
4603
486
5894
8982
924
3457
8035
8462
393
3484
4211
9179
3427
1225
4225
3225
7310
5646
2541
3735
8070
816
3878
6236
5929
6932
2063
9382
6632
4857
9650
9552
1227
209
4681
7294
9858
6173
6694
3167
500
539
808
5651
1055
1196
6159
3573
90
1748
6178
2373
2743
9422
1706
7996
3982
9849
426
4988
3275
4239
4765
8335
8985
8731
7093
3237
1559
9777
6598
7795
1176
5522
4587
7589
7810
1537
7683
8169
6423
1613
490
9532
3514
8626
9782
1115
9035
8840
2501
6197
2128
1979
9209
7777
5192
9730
4462
2933
6152
1061
3428
2236
1056
8457
8684
1947
2400
6750
6392
2575
3820
4100
999
3620
9459
5297
4961
4720
1666
4690
2040
2005
9690
6904
753
9059
5649
6405
9376
2938
5201
6807
3857
5932
4347
1667
8788
7701
5359
2498
3958
2467
5142
2313
9880
6301
7637
5639
8111
4620
8239
4711
3341
5919
5076
5451
1727
5263
390
3902
2827
3610
9387
3705
6612
3371
7917
2519
8229
8722
9289
259
5577
335
4879
5304
5772
2528
5941
3696
9902
5252
7719
5134
4680
9561
9418
6909
1241
4730
9311
963
9495
3319
7889
6243
4490
8612
1547
4738
866
8413
2327
7058
6161
1194
5230
6139
989
1317
5983
1889
7337
9578
7873
5576
6333
1179
1595
1615
6679
6725
2381
8694
2515
7983
2920
9816
6852
4373
4888
6723
7619
5729
8777
2722
146
8283
735
7133
6271
8811
4448
3564
7762
2355
828
4395
7684
7377
4839
3862
2980
2707
1660
4158
7760
3989
9449
9335
4721
380
4969
1923
3348
5687
5568
6687
7529
6426
7111
2866
1358
52
5495
1197
3883
3969
4272
9919
6899
9480
5903
6339
7502
1016
8084
7660
8604
6414
8996
3262
3981
1454
9617
9274
5851
443
7040
6693
5684
3743
8341
4509
4513
7060
914
4654
1441
1268
5027
531
4578
4943
2195
845
1896
9563
1641
8781
3592
7841
9943
4050
9892
621
599
3761
7225
2489
9109
3091
2217
6133
4531
1398
6360
2308
5436
6678
1328
7665
2670
7648
1575
6599
2689
3108
7823
5822
4522
8300
1084
5940
9115
80
1505
2514
7481
3328
5740
9014
8976
7866
2679
9512
44
8988
4122
9380
8173
5270
9633
4553
4188
3988
2300
8944
2822
5065
8028
9984
5226
7964
2801
3939
260
9659
2505
7755
4932
6228
9479
5089
7704
9590
3605
617
4137
9636
8994
6571
2424
8101
635
1585
321
7454
6584
1562
6519
2477
5999
8439
4332
7628
2095
9323
3452
6847
8709
8882
3904
6620
6869
1931
4708
9871
1214
2126
934
4735
4141
7532
6854
3471
9745
5869
8489
3839
7353
9458
7798
2229
7536
2516
5323
3864
2200
2974
1580
5864
8657
7116
8166
5620
1485
9231
7706
9497
8884
8202
7740
9399
6160
5874
1278
1329
5021
5360
4811
2797
4576
6213
4415
5375
5290
3907
3200
3369
3909
9899
5737
3666
6103
7848
3814
1064
3757
9463
5153
2448
4630
7074
333
6226
3173
5557
2747
5256
1254
9878
4439
4177
2321
9776
5827
7348
483
4938
5144
5264
7043
8067
9708
7457
7557
9049
308
1279
9621
1177
4617
9095
9712
5129
9750
6893
8407
5762
8200
2812
3154
7033
3553
9083
9068
5578
4278
5374
5028
3543
6340
4473
9175
7573
3397
3495
8989
9786
5224
2203
6145
5551
5594
4902
2734
1465
5025
3192
2916
3370
6789
5650
8184
8871
3809
8668
5317
1565
5992
9882
5460
9120
4596
8285
5957
5882
2839
854
7494
7018
9475
8703
9803
5598
2096
555
9801
9900
744
2764
1749
6595
1941
436
3975
6436
9519
3591
4886
9248
3337
376
1717
9144
1364
8608
8024
5571
9210
2757
5239
4621
4530
8903
5354
5713
2738
2332
1651
9974
3578
8472
3580
92
4054
3510
7564
2450
8134
4176
3419
4045
5709
3663
7378
7114
975
979
3017
4147
7680
4476
3399
5455
3645
2831
1939
8137
3740
7891
8079
242
9126
4685
3983
7024
5014
6667
3477
3670
2585
7592
3260
7199
1360
6378
8092
7986
671
4258
1605
4325
7968
812
238
9873
6988
8249
2978
9386
3392
3587
4164
2334
2276
6012
3122
2844
528
4345
2657
245
1191
8951
3295
6635
3624
7373
3099
9607
3045
4352
5024
3923
2409
3914
5403
4492
9758
5113
1045
8144
2892
3651
1574
373
9936
5218
4434
527
9188
2620
1604
2559
8895
3886
1135
6376
939
6555
1928
3608
9327
1235
6269
4471
6957
8475
7471
1389
4706
1298
7049
4507
8507
3230
2581
5818
586
6218
5644
7006
1709
615
1816
1480
4215
1772
3074
2781
6947
4655
7650
8372
4019
7216
4216
3710
8468
4318
9597
1412
6082
7170
7526
2270
8395
6493
2461
2275
9135
7714
1725
9638
5034
3784
5627
5302
8536
3517
2169
8798
4810
2315
4248
5773
9714
6824
5276
1428
1384
4619
8108
3055
944
8814
518
2709
9228
2497
3439
5752
5890
4823
3765
1123
5765
4877
5266
8986
9995
4214
8983
7233
3093
8739
1646
7423
3599
5096
4202
7893
8728
5611
8064
9317
8231
4865
2948
4829
8850
6922
5385
7797
4560
7356
1011
131
8753
2189
5630
578
4646
9407
4231
6190
9543
9170
7243
7963
5789
8311
2118
2104
350
4113
6042
7438
8587
1010
8567
9321
5587
4091
6064
6543
2129
859
482
7751
8434
368
8401
3638
3593
4955
7914
7942
7825
7908
7922
1561
2674
745
7561
8726
7605
5418
9928
8436
7553
2174
4066
6262
5686
6626
525
6758
480
3919
4038
8598
7822
3829
7808
8792
5732
149
1836
1080
3387
4243
569
4246
4967
1657
6457
8049
6593
7727
9678
7428
7583
1949
8517
8360
7594
3411
6412
5572
7382
156
5963
5621
2795
7979
8592
5828
4538
8948
7025
8397
4921
4709
1291
3930
2440
6393
8764
3613
904
5945
9728
8549
5411
3153
6180
148
7890
2710
5105
8396
212
8164
8449
7676
8667
3722
4329
1950
8091
4235
7265
2117
9044
3899
4320
3044
3036
2430
1617
8191
9950
7276
4280
8930
871
2020
9001
4776
9171
5664
3987
4543
8566
499
9751
8787
5638
7338
2052
4085
3943
5694
7395
6874
5372
9360
5936
7827
3394
5671
9411
4956
9397
7934
6024
7661
5706
5003
6389
9319
7014
4770
7035
7839
9452
5952
687
2021
2451
7952
2062
9203
2380
712
3015
6665
1352
6267
6829
2028
4537
874
262
6278
1629
5367
3695
6984
5135
6541
8793
4895
7028
8505
694
3256
9664
9980
6280
4634
7192
2939
1483
5866
9894
4610
7936
3322
3547
1349
79
7485
6455
3193
7595
9383
6776
3871
5458
4207
8117
9502
7725
2774
6336
4093
657
7518
3235
6165
6343
519
8979
2401
227
8122
8712
2613
8962
3063
4684
89
7082
862
1773
4227
2628
3859
6227
8918
5790
7148
3527
8757
2661
936
598
4845
1076
7418
613
948
2008
8015
8729
2491
7303
2953
1359
8318
748
4644
3
7516
8838
5745
8899
1933
1659
6537
3692
4299
7004
1003
5401
2800
1346
9185
8596
8078
9365
8054
7603
6444
6713
5004
1217
5539
5223
3763
3588
8606
2526
1348
6793
3197
1789
5165
8020
1778
7409
4155
9766
430
2487
7851
9048
2301
2940
3678
8225
3217
6811
8820
3856
2558
487
664
775
842
4041
2536
1000
6256
6748
9088
2103
3703
4606
8221
5614
1408
3269
5985
719
9741
959
4814
6518
4628
7062
6627
2598
9854
1228
4107
2137
4990
1160
1550
4828
2596
9608
9904
9457
7436
6990
8
1661
8123
5781
1504
3462
8210
5195
1767
5268
898
9791
7913
8059
2186
8310
4481
8526
3584
4863
4314
3511
4925
4218
3526
8725
1628
1112
6745
2251
7980
2825
8812
8888
8060
5277
2211
4805
8883
7948
9481
1864
6857
5674
2912
2241
6655
9510
5349
915
4195
9907
7678
2914
7528
4931
2911
2260
9933
3100
9492
6859
2525
1652
3704
2406
4004
4796
2329
3267
3046
6950
8349
3964
9486
2923
8370
8016
9836
5867
5917
7635
5498
8087
3734
8660
4341
3158
7346
325
4251
113
1091
1488
8632
3621
468
108
3102
5168
4861
7152
6124
1165
6965
7901
141
1312
4436
5533
72
1876
2167
561
9122
6919
4121
3497
2568
6232
837
7300
5750
5838
7153
2161
1914
1008
2653
619
1626
2975
6056
428
9301
7832
6313
6892
8411
3430
6005
7164
9226
8670
3414
7739
5897
2496
8949
3776
4020
370
166
5449
2633
2045
4047
2770
9235
3054
6462
9108
8690
4313
4959
4577
4204
1293
7644
8863
7632
359
5386
9700
5055
5491
4689
3351
8560
6799
9934
791
5811
4733
1150
7716
7852
9284
1866
3929
1116
7826
1698
2790
20
6795
4535
8119
5681
8038
9078
4705
2623
9846
4637
584
9587
4316
2538
6265
1213
1515
4035
3135
9982
2307
8131
5318
4832
7606
3130
4267
9828
536
6681
3247
2182
6167
4291
4361
3014
4734
9559
9760
6478
7850
3233
6390
7279
6698
605
633
414
2589
4192
7439
2490
3065
2814
7291
6946
6536
8368
2419
3395
995
1635
1543
5384
8738
777
1694
157
2035
9245
7480
2170
3880
1449
8244
2141
6407
8766
6636
9086
4457
7330
9333
1523
9675
8132
2885
6437
4648
5993
3068
4510
9354
1273
1318
6396
7581
6138
2791
1811
4983
3991
4281
7846
632
2493
2245
2551
9257
3915
2706
7467
6093
4074
3774
418
1809
6221
2935
5831
810
521
9606
5414
2084
6198
3231
6248
7401
3990
6214
5187
5067
5500
345
8925
5943
4128
4368
3778
8581
9412
3085
68
5211
5701
4094
5908
1683
7793
9912
734
1494
4326
1156
3313
5339
7034
4298
7752
6511
9701
8527
2965
4659
4712
4428
7781
1903
6282
4330
6600
1998
4068
5071
5086
3997
6083
7119
1675
3164
2372
3792
3926
8795
3555
6355
6303
8175
5061
8361
2714
5748
7962
5184
7342
2746
5779
5440
5341
5968
6578
943
2843
6482
7011
8206
1356
4411
3522
2094
3265
9522
1379
7459
352
5990
711
8680
6746
3320
5170
4159
8905
9202
6014
4088
1970
4970
1770
250
9405
7312
3375
4756
4301
3081
7094
1321
4566
5876
8780
7156
2363
6803
8258
12
1720
5588
2798
5453
3979
3204
715
270
3238
2388
9485
8018
1969
9085
8385
9954
9667
2767
5122
9229
5807
8406
9601
1236
2862
7736
698
8515
7293
6169
4384
6424
1952
5669
5258
343
1074
8950
5928
1001
670
9677
1375
3598
1347
6660
9046
2870
339
5717
3925
9964
7100
4599
3556
1953
2116
8288
3537
9506
107
3872
5996
9424
2184
3612
1930
1167
2611
3358
8610
1142
3807
6995
2198
9045
6780
4667
2878
5854
7911
7849
4152
1004
7505
481
5619
3021
5429
4504
402
2354
7189
5991
996
9794
2365
3039
8456
1051
4527
2302
9986
6011
3741
275
2690
9544
3847
4025
4134
2456
8172
2742
5672
2944
5948
6499
7759
5208
2567
9511
7506
6689
9556
3863
6223
8631
2294
125
5265
5777
9430
1148
6974
5982
7533
3107
8509
3355
5421
7226
1072
1476
5676
1239
5118
6710
2634
4597
2171
1638
1802
9242
8365
4579
4514
5219
2408
857
4795
2394
1017
9066
1750
4039
6418
3041
1036
6458
957
4856
5555
9398
4201
8268
4588
256
7426
7203
6182
5093
5463
9807
159
7563
3291
7367
3213
4149
229
3749
9545
9427
1393
2159
6601
4130
3266
4924
5558
2956
8498
214
2682
4607
5886
4611
1313
9913
7278
8264
9591
6786
3278
33
7965
7121
2233
1032
2488
3403
3280
1716
3202
8672
7268
8073
8823
3140
3577
689
3023
9554
5528
3474
9069
3817
9809
2992
5255
6731
8799
9207
7651
8445
985
5209
3103
4052
2889
4249
8676
8317
1405
247
4872
7664
2222
1369
9225
6875
5950
3825
6754
392
8071
61
5741
2584
8897
6150
1753
202
7155
949
9456
5692
4557
6924
1807
5565
1401
2887
3321
2289
3082
8148
9077
5425
7801
8211
5062
9074
8444
3493
2271
774
3753
168
4819
7799
8065
9799
188
5289
1100
4228
314
4541
3616
4989
2522
6528
8294
2395
3622
4400
5406
7574
105
8115
2618
6406
9550
7796
960
6814
4165
6134
4168
4783
2524
8325
6222
1073
9674
1963
1396
4696
8629
9285
9329
4749
5523
8773
9665
8045
8306
378
9908
4864
6385
6958
5618
1959
8082
5483
9087
2367
5272
5532
6465
355
2552
8832
6212
1762
2979
6705
5782
153
9959
8140
4639
62
8585
4376
2763
8453
2441
1184
8023
6416
32
457
7066
658
8934
9063
55
7140
9990
49
3971
7097
4250
1521
641
9465
6475
7091
2258
5757
6848
7358
9286
820
7507
8076
5535
4063
7037
3788
9742
97
6505
5589
6535
6570
3572
757
4744
2397
7943
2782
11
2888
5196
5915
5191
5393
8532
8215
3652
3004
3223
5771
3973
9406
2316
4002
5044
3875
356
167
5137
5995
3150
3744
6110
1382
3727
6618
6894
4042
1894
7041
6837
1069
980
2347
7102
6582
6896
6422
9759
8051
2499
3374
6763
9067
1511
2629
1702
5530
1967
1322
6010
196
5883
7215
1314
9187
7711
7059
7384
3868
5935
1276
2697
6052
2346
2244
4548
9790
8163
8864
6928
6276
1553
3496
2513
288
2942
6208
5667
1145
5723
8917
3188
5562
840
6879
3090
932
6164
8271
9747
5986
7185
7625
624
2429
4354
3077
3879
5857
1579
8530
1096
5082
2636
6030
1399
2907
6293
3538
2756
9089
3468
8602
8327
4138
8521
1333
7861
1726
6565
5092
6851
9852
7107
5845
400
8635
2639
739
718
7194
7538
6108
9118
5863
3031
4702
5754
5476
5712
1910
2212
9679
5865
1252
36
4768
3105
678
6728
7022
9722
6100
8533
2393
3380
3051
9884
1153
6474
4224
8834
6099
1121
8735
8350
454
9709
3916
5377
8309
2614
6155
1144
2693
3436
5494
2453
6112
6427
1679
1373
1758
5841
6552
5584
2153
4678
4907
5364
6719
3018
2438
5658
6736
7407
8431
8321
9191
2976
3075
6063
200
1065
4652
5295
6666
1264
3336
4742
7624
9352
4279
4102
2466
4755
3243
8552
5391
5774
937
5407
5768
4772
8836
8751
826
2603
6302
5327
8748
5234
2917
2086
3456
485
4843
1459
7982
6242
5949
5784
3499
2677
4683
2331
5862
8209
3285
7998
406
9555
9823
9251
8579
6685
8435
6888
5956
1435
3650
6315
911
9266
364
6047
145
1618
8582
3196
5162
7463
9165
257
5567
4209
4707
2173
5049
7829
7843
3614
6157
596
1824
9155
4079
48
9255
6978
1798
8201
1269
7311
3119
8924
4896
6989
1658
4307
9309
8181
7325
8830
1911
2550
7667
1052
7590
4111
8624
8655
2605
8761
7214
4567
8152
3032
1542
9090
6065
2804
3729
829
7288
2539
279
4930
2678
3905
3309
2731
71
6885
5980
3343
1477
1712
3512
230
3329
7765
366
6675
7627
3866
8651
5328
1287
8501
311
432
186
9860
357
8937
7720
8603
3941
3346
3855
9355
2680
9689
6400
6240
7281
1277
6782
7444
7945
1296
6648
7957
7347
7771
3956
1637
1363
4752
8303
5397
8011
3072
9869
6447
8099
6575
1438
8548
6468
3066
9755
4222
9283
2754
8699
182
155
1803
4160
3920
7247
7974
381
7923
4834
7092
9888
1258
5878
4920
5084
1221
4358
1257
529
4714
1994
8130
5119
7201
4286
6818
8257
3890
9612
767
1077
7374
6069
6605
3161
6428
4483
696
6741
5006
2017
1888
2210
8336
6481
4270
3806
5515
2590
4533
5825
4573
1648
8853
8998
7881
2554
4416
8931
8295
9039
4043
8744
836
8348
637
7732
4461
4319
422
9079
3779
3415
3607
1795
5445
1662
5167
399
2851
3819
9200
2384
5001
1119
3673
410
1925
2362
1316
2740
1175
8652
5380
5600
1204
4305
4565
8692
4059
3485
2745
1134
9149
5833
3731
1691
818
9131
6345
5145
6907
9346
8427
295
8742
6329
2922
3824
2545
1752
9748
7260
319
7784
4232
398
8914
1932
2082
5029
6661
1098
653
7420
1611
6349
6114
5313
5311
2658
4676
1426
231
6876
9224
2027
2666
6738
7946
4287
508
6386
4230
360
9876
8299
8622
7069
526
9325
7306
3442
5441
7343
2352
9734
8678
4
6802
9482
9853
5345
5008
6623
5881
9932
5148
2685
9800
7079
1309
2194
3097
7912
7535
7903
7617
5249
7838
4465
5075
5301
6314
3310
2719
2687
5379
1030
899
3633
5431
877
9546
5459
7365
322
8145
5031
35
8866
2263
8234
1474
3214
6431
9243
2192
9105
9466
2087
4420
6247
9856
9956
2506
1188
9817
8601
1697
7708
9553
3460
6348
3299
6215
1927
5126
5780
2048
7248
9885
2601
1262
5677
4710
1493
6644
8252
4389
1170
6037
8900
2821
6027
5080
6409
2871
8107
7084
2854
4862
1498
608
5798
3446
5486
5946
3980
1587
1873
1740
9348
3209
4300
7136
8044
4255
9262
7076
7975
8009
1136
9867
2926
315
5329
310
1856
221
3101
3254
6526
3345
1261
9910
9615
5734
7031
2760
65
9875
8250
9820
2473
8017
2640
2414
8733
1881
6760
5408
228
7578
3118
3874
8041
9183
9328
9797
4800
3848
6521
8155
7038
6350
5140
8057
6480
814
2995
6162
822
6889
5972
3967
726
669
5229
4500
1861
8168
9261
1655
9534
4172
7971
2717
1818
8977
2768
8801
9181
1054
4804
2207
5274
4788
968
4328
7017
9444
1212
3376
8844
7591
544
1917
6785
83
3469
5508
2808
5749
9810
7441
7151
6764
3429
6823
6187
3307
8474
6920
5018
8072
2630
9041
7876
9003
6585
1819
5237
4827
5959
4747
9271
5727
4381
4221
7390
2986
4751
1843
8847
6327
1178
5326
8338
187
4403
6603
5206
4031
4342
1623
2071
9184
9874
8972
2856
5271
8461
7638
5123
3305
4290
3644
1342
9375
7357
132
1918
8208
7959
2548
8510
3707
9743
9666
6765
1865
215
8432
714
813
8094
1913
2736
3257
6619
1215
6471
4451
4941
4075
1325
1216
2303
3276
4668
2247
5132
7241
666
7918
4413
224
590
497
121
545
4760
7482
6217
5756
9865
2823
4773
9446
9448
5636
2320
7411
7316
9145
3003
3388
838
2205
2259
4966
6576
9657
2840
2669
5755
9698
8192
1002
6653
3508
1880
1450
6020
4178
3662
475
5324
5728
8875
8418
7819
9940
7895
2287
8433
276
6051
3506
447
140
4618
8643
9
3324
749
3739
702
3643
4213
2631
6993
4928
9687
740
81
8371
1305
7587
2412
7109
4935
2484
4266
8583
2009
1681
6940
120
3777
1810
7150
4737
1619
7855
2464
3750
1761
7863
205
4283
2204
2155
8014
3683
2765
116
8854
8822
1598
4161
5090
6261
6031
2644
2961
636
8381
2133
8577
8841
2729
4182
7416
4868
1060
2876
607
9568
4546
2638
9302
6353
1250
7554
9222
9537
7118
9645
1842
9217
6479
8978
4631
3559
4276
6779
2544
8544
1507
1063
2819
8653
4333
7249
835
1491
3028
6704
2425
2573
2533
9470
4360
5488
4529
4409
199
7087
2675
5353
7864
4520
4146
8127
7021
2330
783
8578
7113
2317
8414
793
2855
3194
4116
9052
4062
8050
8237
5435
7970
8357
931
9167
6766
299
941
2097
1243
1139
8109
910
6866
2291
3693
1829
5974
7419
1664
4807
5074
8162
8276
1470
6312
7551
4263
467
3326
2175
493
6908
5786
5478
7718
9139
1367
6650
1564
2802
3974
2452
7160
4650
4651
5680
1434
9681
8843
9965
2336
2794
8658
3466
5242
4139
9220
8929
2993
439
1813
3901
5938
1183
3010
2929
5795
8103
8923
4087
4616
3524
2716
3255
1805
8857
4846
9303
1118
5978
6116
7967
3155
9773
3550
1431
4894
1990
9779
8367
7854
5207
8316
8535
2641
8993
4262
7775
4234
2676
6268
2787
4022
6394
4517
7815
3944
5837
9889
5769
3060
8273
9128
9164
4732
7670
7408
4397
6115
5951
3160
4965
9795
7868
1879
5726
6629
8819
2378
3821
7807
9241
6395
2805
1414
642
4552
6654
1315
501
2004
7302
8791
5778
312
623
5023
6801
5626
7161
7186
9367
6163
1984
5174
4704
2663
8136
330
7190
9971
8945
1986
1763
4135
3728
8480
1633
6683
8542
4405
9439
8217
1906
2304
1152
2064
4046
2810
1420
6684
2279
9488
7821
9744
6711
2838
4491
2360
4308
232
885
4785
1870
1282
2777
4771
6319
565
3148
3423
2044
6101
9848
8404
8940
6151
7048
2142
855
1745
9628
6991
3894
9395
4331
4525
9778
7724
8553
645
9514
7949
1339
7607
6960
6953
9094
8804
1858
9517
7181
5852
9585
1222
9891
4393
5115
1130
195
3389
213
5502
3360
1048
9575
8600
473
668
2937
2371
4190
9642
2474
9671
3648
6513
4124
717
6548
4371
5320
2059
3912
5232
8364
6914
1195
9525
4952
4398
1620
7643
804
2148
9672
9374
169
8154
7425
5759
9127
4534
6087
1020
1904
2255
8580
1319
8345
2970
6509
5975
296
2813
4037
7559
9898
1554
514
8650
8867
2076
4647
9749
9857
2067
452
6996
1141
395
7940
1193
6477
184
2278
6318
9725
7131
8463
5222
7691
239
5180
4390
1524
416
3465
8981
3396
1884
654
5181
6043
8584
1529
8538
2110
2284
7016
3152
2460
7363
7920
800
9239
2349
8104
8778
7906
3332
2003
1335
7830
5101
7690
8366
6081
7313
6566
2543
4431
5870
6880
5291
3993
2111
8794
9400
5133
8846
6931
2033
3797
2266
3634
9945
1966
7545
7188
152
5045
8458
9973
6944
1774
3853
6080
4357
9838
3706
2358
5452
1960
9655
7165
7782
9925
8204
7168
2880
7824
8952
966
9053
9811
91
3311
5363
9963
5448
4346
219
9652
3274
5147
3211
8066
1288
306
8874
5481
1181
5362
9032
9460
2476
1853
9653
652
435
5419
15
8334
9705
1186
2047
3476
2299
3528
5899
7520
896
1490
4569
2213
4078
9056
6006
9941
57
7884
1128
5746
2088
7244
6441
3738
4594
8902
5036
7836
2264
313
4353
5161
7803
1883
9588
3503
9952
4658
8466
5629
4083
9279
5437
6363
9008
7098
3818
4171
4516
736
1230
3304
6883
3001
7773
1158
6175
5531
2705
2896
1187
5087
9472
585
9729
2109
8284
4253
2101
1361
6292
8442
1677
6730
4764
7523
3363
6970
9124
5849
3220
7187
3799
394
8451
1719
9931
3877
1117
5131
549
5592
5581
9524
7944
1343
2946
8339
9991
5314
9293
3308
8331
737
2960
758
2830
4309
1840
2135
6742
7531
8005
686
9668
7002
4985
3798
9780
7896
1685
4349
2604
5659
1205
568
8006
6581
4136
9785
9866
8100
3570
8207
6634
3089
594
5787
4484
8450
1473
2695
8511
7350
9447
4815
5814
1581
7978
7654
5666
6964
2886
5961
3144
752
9356
7317
2803
1693
478
8609
7213
511
2910
7686
282
271
3957
9221
4264
5953
7388
7344
1556
9193
2700
5832
2026
9920
2987
8263
4189
101
3615
9259
5248
2512
5747
1940
8267
7584
3996
8970
9756
6129
5177
4252
5859
446
3251
7875
1271
2557
6181
9611
7290
3523
8279
6577
3064
4871
2122
9626
2984
2720
3885
524
1421
6933
3483
1739
8649
6362
6838
5450
4958
4466
336
1334
9921
9373
1362
3790
6532
8355
2206
4580
2014
3029
925
5586
1157
834
634
2016
2156
4623
4029
8613
374
5358
9640
1570
8150
5893
1733
265
5517
4271
3661
660
3596
7888
5850
3314
766
9656
5130
4656
6443
8769
7517
9501
6942
6895
6514
4666
8405
3911
9253
5269
2309
2755
2037
4996
1977
9815
7412
3950
1751
1355
9643
41
5815
4210
3096
5699
2246
222
5298
570
51
7789
316
755
123
5931
6816
9513
7466
7599
2046
4125
9137
23
4366
1786
648
3156
9156
3772
9805
4289
8921
6525
5136
1672
6858
3841
1201
573
6130
916
4001
1817
6533
5930
7616
768
6149
252
1114
4220
2481
6351
2852
3560
4536
1971
5381
5912
2915
1185
2191
9377
9018
3977
1776
3115
1024
6469
2369
9515
8973
4686
4602
8185
5842
7487
1374
6804
5487
1124
8242
548
450
4076
438
3420
2160
5334
8142
1107
9016
9859
6926
3481
3963
8700
8126
9238
9047
1701
4592
2952
4175
2708
7731
2256
7539
8779
94
8124
7400
8749
3976
2024
7162
2931
7537
3932
3296
3965
6722
7139
28
93
6107
3569
1031
3769
1983
9025
5552
385
1900
5007
4479
1566
3053
3896
9752
5711
6523
1041
3131
417
4626
1644
75
3333
6979
6045
2125
8539
7055
8218
5312
2733
6053
6211
1954
4822
9133
347
1275
3335
9269
6871
9763
3142
6326
5907
7242
8088
7662
4775
5884
3782
2873
6328
3381
8160
8904
3771
6507
1182
7905
5465
8228
2209
8219
1728
9132
2221
5505
921
5783
640
8220
8106
8391
5534
3016
3816
6551
2115
1206
4363
5262
5689
7858
784
8890
3767
2356
6877
111
8029
6966
6295
7524
4688
5322
6820
797
3540
3687
6506
6744
6490
7598
5547
6643
8892
1621
5102
2780
790
4582
5987
5895
4435
3840
2085
2759
2962
7166
6111
4740
9564
5696
5719
945
4430
377
6621
7461
3244
3480
2168
827
4421
9863
1548
8195
6025
5835
8554
3951
135
9922
8226
3443
4544
5708
7470
6560
7761
7835
603
4528
7794
9350
8714
830
5939
6833
5037
6057
7972
4508
3444
1975
1018
1937
9021
5808
7446
5423
6320
408
8959
3955
5009
6347
7335
5284
5194
6072
1109
6800
6836
2253
7090
2208
9141
7326
3264
1674
3659
95
6977
5422
5015
6952
5560
1427
3688
684
9566
2099
7314
4625
4911
6102
7341
9861
6863
5398
913
6834
2574
9051
3076
2577
7569
2546
5641
183
9582
1021
3058
8440
3094
3992
2816
361
1086
5227
326
4700
1645
4394
8644
6017
8646
6503
2881
863
5111
3432
7552
8870
2836
1905
4369
9631
9505
8928
3694
6105
2857
3002
453
4244
6028
3475
6558
388
4915
8887
1468
9911
6881
6034
8540
9673
9158
5260
8003
2262
1057
2600
6147
6638
4874
1538
4719
880
8324
5344
5245
4296
3995
6806
4866
5185
9890
396
6254
6171
477
703
1848
5954
1718
7414
8165
7892
4485
8187
3812
5861
9361
7431
3327
9414
9157
9883
1972
5536
8831
1895
7124
7623
9618
9330
4418
6985
2959
298
8686
1784
627
933
1202
5340
9180
4460
6230
3785
6338
2144
2565
9147
4694
387
1330
5916
6512
6657
952
6927
1627
5331
6143
2065
7169
6878
8097
7182
2001
198
7366
4933
4875
8659
6561
4064
8392
4351
6917
4841
2197
8425
386
7464
2043
983
