0
1
10
100
1000
1001
1002
1003
1004
1005
1006
1007
1008
1009
101
1010
1011
1012
1013
1014
1015
1016
1017
1018
1019
102
1020
1021
1022
1023
1024
1025
1026
1027
1028
1029
103
1030
1031
1032
1033
1034
1035
1036
1037
1038
1039
104
1040
1041
1042
1043
1044
1045
1046
1047
1048
1049
105
1050
1051
1052
1053
1054
1055
1056
1057
1058
1059
106
1060
1061
1062
1063
1064
1065
1066
1067
1068
1069
107
1070
1071
1072
1073
1074
1075
1076
1077
1078
1079
108
1080
1081
1082
1083
1084
1085
1086
1087
1088
1089
109
1090
1091
1092
1093
1094
1095
1096
1097
1098
1099
11
110
1100
1101
1102
1103
1104
1105
1106
1107
1108
1109
111
1110
1111
1112
1113
1114
1115
1116
1117
1118
1119
112
1120
1121
1122
1123
1124
1125
1126
1127
1128
1129
113
1130
1131
1132
1133
1134
1135
1136
1137
1138
1139
114
1140
1141
1142
1143
1144
1145
1146
1147
1148
1149
115
1150
1151
1152
1153
1154
1155
1156
1157
1158
1159
116
1160
1161
1162
1163
1164
1165
1166
1167
1168
1169
117
1170
1171
1172
1173
1174
1175
1176
1177
1178
1179
118
1180
1181
1182
1183
1184
1185
1186
1187
1188
1189
119
1190
1191
1192
1193
1194
1195
1196
1197
1198
1199
12
120
1200
1201
1202
1203
1204
1205
1206
1207
1208
1209
121
1210
1211
1212
1213
1214
1215
1216
1217
1218
1219
122
1220
1221
1222
1223
1224
1225
1226
1227
1228
1229
123
1230
1231
1232
1233
1234
1235
1236
1237
1238
1239
124
1240
1241
1242
1243
1244
1245
1246
1247
1248
1249
125
1250
1251
1252
1253
1254
1255
1256
1257
1258
1259
126
1260
1261
1262
1263
1264
1265
1266
1267
1268
1269
127
1270
1271
1272
1273
1274
1275
1276
1277
1278
1279
128
1280
1281
1282
1283
1284
1285
1286
1287
1288
1289
129
1290
1291
1292
1293
1294
1295
1296
1297
1298
1299
13
130
1300
1301
1302
1303
1304
1305
1306
1307
1308
1309
131
1310
1311
1312
1313
1314
1315
1316
1317
1318
1319
132
1320
1321
1322
1323
1324
1325
1326
1327
1328
1329
133
1330
1331
1332
1333
1334
1335
1336
1337
1338
1339
134
1340
1341
1342
1343
1344
1345
1346
1347
1348
1349
135
1350
1351
1352
1353
1354
1355
1356
1357
1358
1359
136
1360
1361
1362
1363
1364
1365
1366
1367
1368
1369
137
1370
1371
1372
1373
1374
1375
1376
1377
1378
1379
138
1380
1381
1382
1383
1384
1385
1386
1387
1388
1389
139
1390
1391
1392
1393
1394
1395
1396
1397
1398
1399
14
140
1400
1401
1402
1403
1404
1405
1406
1407
1408
1409
141
1410
1411
1412
1413
1414
1415
1416
1417
1418
1419
142
1420
1421
1422
1423
1424
1425
1426
1427
1428
1429
143
1430
1431
1432
1433
1434
1435
1436
1437
1438
1439
144
1440
1441
1442
1443
1444
1445
1446
1447
1448
1449
145
1450
1451
1452
1453
1454
1455
1456
1457
1458
1459
146
1460
1461
1462
1463
1464
1465
1466
1467
1468
1469
147
1470
1471
1472
1473
1474
1475
1476
1477
1478
1479
148
1480
1481
1482
1483
1484
1485
1486
1487
1488
1489
149
1490
1491
1492
1493
1494
1495
1496
1497
1498
1499
15
150
1500
1501
1502
1503
1504
1505
1506
1507
1508
1509
151
1510
1511
1512
1513
1514
1515
1516
1517
1518
1519
152
1520
1521
1522
1523
1524
1525
1526
1527
1528
1529
153
1530
1531
1532
1533
1534
1535
1536
1537
1538
1539
154
1540
1541
1542
1543
1544
1545
1546
1547
1548
1549
155
1550
1551
1552
1553
1554
1555
1556
1557
1558
1559
156
1560
1561
1562
1563
1564
1565
1566
1567
1568
1569
157
1570
1571
1572
1573
1574
1575
1576
1577
1578
1579
158
1580
1581
1582
1583
1584
1585
1586
1587
1588
1589
159
1590
1591
1592
1593
1594
1595
1596
1597
1598
1599
16
160
1600
1601
1602
1603
1604
1605
1606
1607
1608
1609
161
1610
1611
1612
1613
1614
1615
1616
1617
1618
1619
162
1620
1621
1622
1623
1624
1625
1626
1627
1628
1629
163
1630
1631
1632
1633
1634
1635
1636
1637
1638
1639
164
1640
1641
1642
1643
1644
1645
1646
1647
1648
1649
165
1650
1651
1652
1653
1654
1655
1656
1657
1658
1659
166
1660
1661
1662
1663
1664
1665
1666
1667
1668
1669
167
1670
1671
1672
1673
1674
1675
1676
1677
1678
1679
168
1680
1681
1682
1683
1684
1685
1686
1687
1688
1689
169
1690
1691
1692
1693
1694
1695
1696
1697
1698
1699
17
170
1700
1701
1702
1703
1704
1705
1706
1707
1708
1709
171
1710
1711
1712
1713
1714
1715
1716
1717
1718
1719
172
1720
1721
1722
1723
1724
1725
1726
1727
1728
1729
173
1730
1731
1732
1733
1734
1735
1736
1737
1738
1739
174
1740
1741
1742
1743
1744
1745
1746
1747
1748
1749
175
1750
1751
1752
1753
1754
1755
1756
1757
1758
1759
176
1760
1761
1762
1763
1764
1765
1766
1767
1768
1769
177
1770
1771
1772
1773
1774
1775
1776
1777
1778
1779
178
1780
1781
1782
1783
1784
1785
1786
1787
1788
1789
179
1790
1791
1792
1793
1794
1795
1796
1797
1798
1799
18
180
1800
1801
1802
1803
1804
1805
1806
1807
1808
1809
181
1810
1811
1812
1813
1814
1815
1816
1817
1818
1819
182
1820
1821
1822
1823
1824
1825
1826
1827
1828
1829
183
1830
1831
1832
1833
1834
1835
1836
1837
1838
1839
184
1840
1841
1842
1843
1844
1845
1846
1847
1848
1849
185
1850
1851
1852
1853
1854
1855
1856
1857
1858
1859
186
1860
1861
1862
1863
1864
1865
1866
1867
1868
1869
187
1870
1871
1872
1873
1874
1875
1876
1877
1878
1879
188
1880
1881
1882
1883
1884
1885
1886
1887
1888
1889
189
1890
1891
1892
1893
1894
1895
1896
1897
1898
1899
19
190
1900
1901
1902
1903
1904
1905
1906
1907
1908
1909
191
1910
1911
1912
1913
1914
1915
1916
1917
1918
1919
192
1920
1921
1922
1923
1924
1925
1926
1927
1928
1929
193
1930
1931
1932
1933
1934
1935
1936
1937
1938
1939
194
1940
1941
1942
1943
1944
1945
1946
1947
1948
1949
195
1950
1951
1952
1953
1954
1955
1956
1957
1958
1959
196
1960
1961
1962
1963
1964
1965
1966
1967
1968
1969
197
1970
1971
1972
1973
1974
1975
1976
1977
1978
1979
198
1980
1981
1982
1983
1984
1985
1986
1987
1988
1989
199
1990
1991
1992
1993
1994
1995
1996
1997
1998
1999
2
20
200
2000
2001
2002
2003
2004
2005
2006
2007
2008
2009
201
2010
2011
2012
2013
2014
2015
2016
2017
2018
2019
202
2020
2021
2022
2023
2024
2025
2026
2027
2028
2029
203
2030
2031
2032
2033
2034
2035
2036
2037
2038
2039
204
2040
2041
2042
2043
2044
2045
2046
2047
2048
2049
205
2050
2051
2052
2053
2054
2055
2056
2057
2058
2059
206
2060
2061
2062
2063
2064
2065
2066
2067
2068
2069
207
2070
2071
2072
2073
2074
2075
2076
2077
2078
2079
208
2080
2081
2082
2083
2084
2085
2086
2087
2088
2089
209
2090
2091
2092
2093
2094
2095
2096
2097
2098
2099
21
210
2100
2101
2102
2103
2104
2105
2106
2107
2108
2109
211
2110
2111
2112
2113
2114
2115
2116
2117
2118
2119
212
2120
2121
2122
2123
2124
2125
2126
2127
2128
2129
213
2130
2131
2132
2133
2134
2135
2136
2137
2138
2139
214
2140
2141
2142
2143
2144
2145
2146
2147
2148
2149
215
2150
2151
2152
2153
2154
2155
2156
2157
2158
2159
216
2160
2161
2162
2163
2164
2165
2166
2167
2168
2169
217
2170
2171
2172
2173
2174
2175
2176
2177
2178
2179
218
2180
2181
2182
2183
2184
2185
2186
2187
2188
2189
219
2190
2191
2192
2193
2194
2195
2196
2197
2198
2199
22
220
2200
2201
2202
2203
2204
2205
2206
2207
2208
2209
221
2210
2211
2212
2213
2214
2215
2216
2217
2218
2219
222
2220
2221
2222
2223
2224
2225
2226
2227
2228
2229
223
2230
2231
2232
2233
2234
2235
2236
2237
2238
2239
224
2240
2241
2242
2243
2244
2245
2246
2247
2248
2249
225
2250
2251
2252
2253
2254
2255
2256
2257
2258
2259
226
2260
2261
2262
2263
2264
2265
2266
2267
2268
2269
227
2270
2271
2272
2273
2274
2275
2276
2277
2278
2279
228
2280
2281
2282
2283
2284
2285
2286
2287
2288
2289
229
2290
2291
2292
2293
2294
2295
2296
2297
2298
2299
23
230
2300
2301
2302
2303
2304
2305
2306
2307
2308
2309
231
2310
2311
2312
2313
2314
2315
2316
2317
2318
2319
232
2320
2321
2322
2323
2324
2325
2326
2327
2328
2329
233
2330
2331
2332
2333
2334
2335
2336
2337
2338
2339
234
2340
2341
2342
2343
2344
2345
2346
2347
2348
2349
235
2350
2351
2352
2353
2354
2355
2356
2357
2358
2359
236
2360
2361
2362
2363
2364
2365
2366
2367
2368
2369
237
2370
2371
2372
2373
2374
2375
2376
2377
2378
2379
238
2380
2381
2382
2383
2384
2385
2386
2387
2388
2389
239
2390
2391
2392
2393
2394
2395
2396
2397
2398
2399
24
240
2400
2401
2402
2403
2404
2405
2406
2407
2408
2409
241
2410
2411
2412
2413
2414
2415
2416
2417
2418
2419
242
2420
2421
2422
2423
2424
2425
2426
2427
2428
2429
243
2430
2431
2432
2433
2434
2435
2436
2437
2438
2439
244
2440
2441
2442
2443
2444
2445
2446
2447
2448
2449
245
2450
2451
2452
2453
2454
2455
2456
2457
2458
2459
246
2460
2461
2462
2463
2464
2465
2466
2467
2468
2469
247
2470
2471
2472
2473
2474
2475
2476
2477
2478
2479
248
2480
2481
2482
2483
2484
2485
2486
2487
2488
2489
249
2490
2491
2492
2493
2494
2495
2496
2497
2498
2499
25
250
2500
2501
2502
2503
2504
2505
2506
2507
2508
2509
251
2510
2511
2512
2513
2514
2515
2516
2517
2518
2519
252
2520
2521
2522
2523
2524
2525
2526
2527
2528
2529
253
2530
2531
2532
2533
2534
2535
2536
2537
2538
2539
254
2540
2541
2542
2543
2544
2545
2546
2547
2548
2549
255
2550
2551
2552
2553
2554
2555
2556
2557
2558
2559
256
2560
2561
2562
2563
2564
2565
2566
2567
2568
2569
257
2570
2571
2572
2573
2574
2575
2576
2577
2578
2579
258
2580
2581
2582
2583
2584
2585
2586
2587
2588
2589
259
2590
2591
2592
2593
2594
2595
2596
2597
2598
2599
26
260
2600
2601
2602
2603
2604
2605
2606
2607
2608
2609
261
2610
2611
2612
2613
2614
2615
2616
2617
2618
2619
262
2620
2621
2622
2623
2624
2625
2626
2627
2628
2629
263
2630
2631
2632
2633
2634
2635
2636
2637
2638
2639
264
2640
2641
2642
2643
2644
2645
2646
2647
2648
2649
265
2650
2651
2652
2653
2654
2655
2656
2657
2658
2659
266
2660
2661
2662
2663
2664
2665
2666
2667
2668
2669
267
2670
2671
2672
2673
2674
2675
2676
2677
2678
2679
268
2680
2681
2682
2683
2684
2685
2686
2687
2688
2689
269
2690
2691
2692
2693
2694
2695
2696
2697
2698
2699
27
270
2700
2701
2702
2703
2704
2705
2706
2707
2708
2709
271
2710
2711
2712
2713
2714
2715
2716
2717
2718
2719
272
2720
2721
2722
2723
2724
2725
2726
2727
2728
2729
273
2730
2731
2732
2733
2734
2735
2736
2737
2738
2739
274
2740
2741
2742
2743
2744
2745
2746
2747
2748
2749
275
2750
2751
2752
2753
2754
2755
2756
2757
2758
2759
276
2760
2761
2762
2763
2764
2765
2766
2767
2768
2769
277
2770
2771
2772
2773
2774
2775
2776
2777
2778
2779
278
2780
2781
2782
2783
2784
2785
2786
2787
2788
2789
279
2790
2791
2792
2793
2794
2795
2796
2797
2798
2799
28
280
2800
2801
2802
2803
2804
2805
2806
2807
2808
2809
281
2810
2811
2812
2813
2814
2815
2816
2817
2818
2819
282
2820
2821
2822
2823
2824
2825
2826
2827
2828
2829
283
2830
2831
2832
2833
2834
2835
2836
2837
2838
2839
284
2840
2841
2842
2843
2844
2845
2846
2847
2848
2849
285
2850
2851
2852
2853
2854
2855
2856
2857
2858
2859
286
2860
2861
2862
2863
2864
2865
2866
2867
2868
2869
287
2870
2871
2872
2873
2874
2875
2876
2877
2878
2879
288
2880
2881
2882
2883
2884
2885
2886
2887
2888
2889
289
2890
2891
2892
2893
2894
2895
2896
2897
2898
2899
29
290
2900
2901
2902
2903
2904
2905
2906
2907
2908
2909
291
2910
2911
2912
2913
2914
2915
2916
2917
2918
2919
292
2920
2921
2922
2923
2924
2925
2926
2927
2928
2929
293
2930
2931
2932
2933
2934
2935
2936
2937
2938
2939
294
2940
2941
2942
2943
2944
2945
2946
2947
2948
2949
295
2950
2951
2952
2953
2954
2955
2956
2957
2958
2959
296
2960
2961
2962
2963
2964
2965
2966
2967
2968
2969
297
2970
2971
2972
2973
2974
2975
2976
2977
2978
2979
298
2980
2981
2982
2983
2984
2985
2986
2987
2988
2989
299
2990
2991
2992
2993
2994
2995
2996
2997
2998
2999
3
30
300
3000
3001
3002
3003
3004
3005
3006
3007
3008
3009
301
3010
3011
3012
3013
3014
3015
3016
3017
3018
3019
302
3020
3021
3022
3023
3024
3025
3026
3027
3028
3029
303
3030
3031
3032
3033
3034
3035
3036
3037
3038
3039
304
3040
3041
3042
3043
3044
3045
3046
3047
3048
3049
305
3050
3051
3052
3053
3054
3055
3056
3057
3058
3059
306
3060
3061
3062
3063
3064
3065
3066
3067
3068
3069
307
3070
3071
3072
3073
3074
3075
3076
3077
3078
3079
308
3080
3081
3082
3083
3084
3085
3086
3087
3088
3089
309
3090
3091
3092
3093
3094
3095
3096
3097
3098
3099
31
310
3100
3101
3102
3103
3104
3105
3106
3107
3108
3109
311
3110
3111
3112
3113
3114
3115
3116
3117
3118
3119
312
3120
3121
3122
3123
3124
3125
3126
3127
3128
3129
313
3130
3131
3132
3133
3134
3135
3136
3137
3138
3139
314
3140
3141
3142
3143
3144
3145
3146
3147
3148
3149
315
3150
3151
3152
3153
3154
3155
3156
3157
3158
3159
316
3160
3161
3162
3163
3164
3165
3166
3167
3168
3169
317
3170
3171
3172
3173
3174
3175
3176
3177
3178
3179
318
3180
3181
3182
3183
3184
3185
3186
3187
3188
3189
319
3190
3191
3192
3193
3194
3195
3196
3197
3198
3199
32
320
3200
3201
3202
3203
3204
3205
3206
3207
3208
3209
321
3210
3211
3212
3213
3214
3215
3216
3217
3218
3219
322
3220
3221
3222
3223
3224
3225
3226
3227
3228
3229
323
3230
3231
3232
3233
3234
3235
3236
3237
3238
3239
324
3240
3241
3242
3243
3244
3245
3246
3247
3248
3249
325
3250
3251
3252
3253
3254
3255
3256
3257
3258
3259
326
3260
3261
3262
3263
3264
3265
3266
3267
3268
3269
327
3270
3271
3272
3273
3274
3275
3276
3277
3278
3279
328
3280
3281
3282
3283
3284
3285
3286
3287
3288
3289
329
3290
3291
3292
3293
3294
3295
3296
3297
3298
3299
33
330
3300
3301
3302
3303
3304
3305
3306
3307
3308
3309
331
3310
3311
3312
3313
3314
3315
3316
3317
3318
3319
332
3320
3321
3322
3323
3324
3325
3326
3327
3328
3329
333
3330
3331
3332
3333
3334
3335
3336
3337
3338
3339
334
3340
3341
3342
3343
3344
3345
3346
3347
3348
3349
335
3350
3351
3352
3353
3354
3355
3356
3357
3358
3359
336
3360
3361
3362
3363
3364
3365
3366
3367
3368
3369
337
3370
3371
3372
3373
3374
3375
3376
3377
3378
3379
338
3380
3381
3382
3383
3384
3385
3386
3387
3388
3389
339
3390
3391
3392
3393
3394
3395
3396
3397
3398
3399
34
340
3400
3401
3402
3403
3404
3405
3406
3407
3408
3409
341
3410
3411
3412
3413
3414
3415
3416
3417
3418
3419
342
3420
3421
3422
3423
3424
3425
3426
3427
3428
3429
343
3430
3431
3432
3433
3434
3435
3436
3437
3438
3439
344
3440
3441
3442
3443
3444
3445
3446
3447
3448
3449
345
3450
3451
3452
3453
3454
3455
3456
3457
3458
3459
346
3460
3461
3462
3463
3464
3465
3466
3467
3468
3469
347
3470
3471
3472
3473
3474
3475
3476
3477
3478
3479
348
3480
3481
3482
3483
3484
3485
3486
3487
3488
3489
349
3490
3491
3492
3493
3494
3495
3496
3497
3498
3499
35
350
3500
3501
3502
3503
3504
3505
3506
3507
3508
3509
351
3510
3511
3512
3513
3514
3515
3516
3517
3518
3519
352
3520
3521
3522
3523
3524
3525
3526
3527
3528
3529
353
3530
3531
3532
3533
3534
3535
3536
3537
3538
3539
354
3540
3541
3542
3543
3544
3545
3546
3547
3548
3549
355
3550
3551
3552
3553
3554
3555
3556
3557
3558
3559
356
3560
3561
3562
3563
3564
3565
3566
3567
3568
3569
357
3570
3571
3572
3573
3574
3575
3576
3577
3578
3579
358
3580
3581
3582
3583
3584
3585
3586
3587
3588
3589
359
3590
3591
3592
3593
3594
3595
3596
3597
3598
3599
36
360
3600
3601
3602
3603
3604
3605
3606
3607
3608
3609
361
3610
3611
3612
3613
3614
3615
3616
3617
3618
3619
362
3620
3621
3622
3623
3624
3625
3626
3627
3628
3629
363
3630
3631
3632
3633
3634
3635
3636
3637
3638
3639
364
3640
3641
3642
3643
3644
3645
3646
3647
3648
3649
365
3650
3651
3652
3653
3654
3655
3656
3657
3658
3659
366
3660
3661
3662
3663
3664
3665
3666
3667
3668
3669
367
3670
3671
3672
3673
3674
3675
3676
3677
3678
3679
368
3680
3681
3682
3683
3684
3685
3686
3687
3688
3689
369
3690
3691
3692
3693
3694
3695
3696
3697
3698
3699
37
370
3700
3701
3702
3703
3704
3705
3706
3707
3708
3709
371
3710
3711
3712
3713
3714
3715
3716
3717
3718
3719
372
3720
3721
3722
3723
3724
3725
3726
3727
3728
3729
373
3730
3731
3732
3733
3734
3735
3736
3737
3738
3739
374
3740
3741
3742
3743
3744
3745
3746
3747
3748
3749
375
3750
3751
3752
3753
3754
3755
3756
3757
3758
3759
376
3760
3761
3762
3763
3764
3765
3766
3767
3768
3769
377
3770
3771
3772
3773
3774
3775
3776
3777
3778
3779
378
3780
3781
3782
3783
3784
3785
3786
3787
3788
3789
379
3790
3791
3792
3793
3794
3795
3796
3797
3798
3799
38
380
3800
3801
3802
3803
3804
3805
3806
3807
3808
3809
381
3810
3811
3812
3813
3814
3815
3816
3817
3818
3819
382
3820
3821
3822
3823
3824
3825
3826
3827
3828
3829
383
3830
3831
3832
3833
3834
3835
3836
3837
3838
3839
384
3840
3841
3842
3843
3844
3845
3846
3847
3848
3849
385
3850
3851
3852
3853
3854
3855
3856
3857
3858
3859
386
3860
3861
3862
3863
3864
3865
3866
3867
3868
3869
387
3870
3871
3872
3873
3874
3875
3876
3877
3878
3879
388
3880
3881
3882
3883
3884
3885
3886
3887
3888
3889
389
3890
3891
3892
3893
3894
3895
3896
3897
3898
3899
39
390
3900
3901
3902
3903
3904
3905
3906
3907
3908
3909
391
3910
3911
3912
3913
3914
3915
3916
3917
3918
3919
392
3920
3921
3922
3923
3924
3925
3926
3927
3928
3929
393
3930
3931
3932
3933
3934
3935
3936
3937
3938
3939
394
3940
3941
3942
3943
3944
3945
3946
3947
3948
3949
395
3950
3951
3952
3953
3954
3955
3956
3957
3958
3959
396
3960
3961
3962
3963
3964
3965
3966
3967
3968
3969
397
3970
3971
3972
3973
3974
3975
3976
3977
3978
3979
398
3980
3981
3982
3983
3984
3985
3986
3987
3988
3989
399
3990
3991
3992
3993
3994
3995
3996
3997
3998
3999
4
40
400
4000
4001
4002
4003
4004
4005
4006
4007
4008
4009
401
4010
4011
4012
4013
4014
4015
4016
4017
4018
4019
402
4020
4021
4022
4023
4024
4025
4026
4027
4028
4029
403
4030
4031
4032
4033
4034
4035
4036
4037
4038
4039
404
4040
4041
4042
4043
4044
4045
4046
4047
4048
4049
405
4050
4051
4052
4053
4054
4055
4056
4057
4058
4059
406
4060
4061
4062
4063
4064
4065
4066
4067
4068
4069
407
4070
4071
4072
4073
4074
4075
4076
4077
4078
4079
408
4080
4081
4082
4083
4084
4085
4086
4087
4088
4089
409
4090
4091
4092
4093
4094
4095
4096
4097
4098
4099
41
410
4100
4101
4102
4103
4104
4105
4106
4107
4108
4109
411
4110
4111
4112
4113
4114
4115
4116
4117
4118
4119
412
4120
4121
4122
4123
4124
4125
4126
4127
4128
4129
413
4130
4131
4132
4133
4134
4135
4136
4137
4138
4139
414
4140
4141
4142
4143
4144
4145
4146
4147
4148
4149
415
4150
4151
4152
4153
4154
4155
4156
4157
4158
4159
416
4160
4161
4162
4163
4164
4165
4166
4167
4168
4169
417
4170
4171
4172
4173
4174
4175
4176
4177
4178
4179
418
4180
4181
4182
4183
4184
4185
4186
4187
4188
4189
419
4190
4191
4192
4193
4194
4195
4196
4197
4198
4199
42
420
4200
4201
4202
4203
4204
4205
4206
4207
4208
4209
421
4210
4211
4212
4213
4214
4215
4216
4217
4218
4219
422
4220
4221
4222
4223
4224
4225
4226
4227
4228
4229
423
4230
4231
4232
4233
4234
4235
4236
4237
4238
4239
424
4240
4241
4242
4243
4244
4245
4246
4247
4248
4249
425
4250
4251
4252
4253
4254
4255
4256
4257
4258
4259
426
4260
4261
4262
4263
4264
4265
4266
4267
4268
4269
427
4270
4271
4272
4273
4274
4275
4276
4277
4278
4279
428
4280
4281
4282
4283
4284
4285
4286
4287
4288
4289
429
4290
4291
4292
4293
4294
4295
4296
4297
4298
4299
43
430
4300
4301
4302
4303
4304
4305
4306
4307
4308
4309
431
4310
4311
4312
4313
4314
4315
4316
4317
4318
4319
432
4320
4321
4322
4323
4324
4325
4326
4327
4328
4329
433
4330
4331
4332
4333
4334
4335
4336
4337
4338
4339
434
4340
4341
4342
4343
4344
4345
4346
4347
4348
4349
435
4350
4351
4352
4353
4354
4355
4356
4357
4358
4359
436
4360
4361
4362
4363
4364
4365
4366
4367
4368
4369
437
4370
4371
4372
4373
4374
4375
4376
4377
4378
4379
438
4380
4381
4382
4383
4384
4385
4386
4387
4388
4389
439
4390
4391
4392
4393
4394
4395
4396
4397
4398
4399
44
440
4400
4401
4402
4403
4404
4405
4406
4407
4408
4409
441
4410
4411
4412
4413
4414
4415
4416
4417
4418
4419
442
4420
4421
4422
4423
4424
4425
4426
4427
4428
4429
443
4430
4431
4432
4433
4434
4435
4436
4437
4438
4439
444
4440
4441
4442
4443
4444
4445
4446
4447
4448
4449
445
4450
4451
4452
4453
4454
4455
4456
4457
4458
4459
446
4460
4461
4462
4463
4464
4465
4466
4467
4468
4469
447
4470
4471
4472
4473
4474
4475
4476
4477
4478
4479
448
4480
4481
4482
4483
4484
4485
4486
4487
4488
4489
449
4490
4491
4492
4493
4494
4495
4496
4497
4498
4499
45
450
4500
4501
4502
4503
4504
4505
4506
4507
4508
4509
451
4510
4511
4512
4513
4514
4515
4516
4517
4518
4519
452
4520
4521
4522
4523
4524
4525
4526
4527
4528
4529
453
4530
4531
4532
4533
4534
4535
4536
4537
4538
4539
454
4540
4541
4542
4543
4544
4545
4546
4547
4548
4549
455
4550
4551
4552
4553
4554
4555
4556
4557
4558
4559
456
4560
4561
4562
4563
4564
4565
4566
4567
4568
4569
457
4570
4571
4572
4573
4574
4575
4576
4577
4578
4579
458
4580
4581
4582
4583
4584
4585
4586
4587
4588
4589
459
4590
4591
4592
4593
4594
4595
4596
4597
4598
4599
46
460
4600
4601
4602
4603
4604
4605
4606
4607
4608
4609
461
4610
4611
4612
4613
4614
4615
4616
4617
4618
4619
462
4620
4621
4622
4623
4624
4625
4626
4627
4628
4629
463
4630
4631
4632
4633
4634
4635
4636
4637
4638
4639
464
4640
4641
4642
4643
4644
4645
4646
4647
4648
4649
465
4650
4651
4652
4653
4654
4655
4656
4657
4658
4659
466
4660
4661
4662
4663
4664
4665
4666
4667
4668
4669
467
4670
4671
4672
4673
4674
4675
4676
4677
4678
4679
468
4680
4681
4682
4683
4684
4685
4686
4687
4688
4689
469
4690
4691
4692
4693
4694
4695
4696
4697
4698
4699
47
470
4700
4701
4702
4703
4704
4705
4706
4707
4708
4709
471
4710
4711
4712
4713
4714
4715
4716
4717
4718
4719
472
4720
4721
4722
4723
4724
4725
4726
4727
4728
4729
473
4730
4731
4732
4733
4734
4735
4736
4737
4738
4739
474
4740
4741
4742
4743
4744
4745
4746
4747
4748
4749
475
4750
4751
4752
4753
4754
4755
4756
4757
4758
4759
476
4760
4761
4762
4763
4764
4765
4766
4767
4768
4769
477
4770
4771
4772
4773
4774
4775
4776
4777
4778
4779
478
4780
4781
4782
4783
4784
4785
4786
4787
4788
4789
479
4790
4791
4792
4793
4794
4795
4796
4797
4798
4799
48
480
4800
4801
4802
4803
4804
4805
4806
4807
4808
4809
481
4810
4811
4812
4813
4814
4815
4816
4817
4818
4819
482
4820
4821
4822
4823
4824
4825
4826
4827
4828
4829
483
4830
4831
4832
4833
4834
4835
4836
4837
4838
4839
484
4840
4841
4842
4843
4844
4845
4846
4847
4848
4849
485
4850
4851
4852
4853
4854
4855
4856
4857
4858
4859
486
4860
4861
4862
4863
4864
4865
4866
4867
4868
4869
487
4870
4871
4872
4873
4874
4875
4876
4877
4878
4879
488
4880
4881
4882
4883
4884
4885
4886
4887
4888
4889
489
4890
4891
4892
4893
4894
4895
4896
4897
4898
4899
49
490
4900
4901
4902
4903
4904
4905
4906
4907
4908
4909
491
4910
4911
4912
4913
4914
4915
4916
4917
4918
4919
492
4920
4921
4922
4923
4924
4925
4926
4927
4928
4929
493
4930
4931
4932
4933
4934
4935
4936
4937
4938
4939
494
4940
4941
4942
4943
4944
4945
4946
4947
4948
4949
495
4950
4951
4952
4953
4954
4955
4956
4957
4958
4959
496
4960
4961
4962
4963
4964
4965
4966
4967
4968
4969
497
4970
4971
4972
4973
4974
4975
4976
4977
4978
4979
498
4980
4981
4982
4983
4984
4985
4986
4987
4988
4989
499
4990
4991
4992
4993
4994
4995
4996
4997
4998
4999
5
50
500
5000
5001
5002
5003
5004
5005
5006
5007
5008
5009
501
5010
5011
5012
5013
5014
5015
5016
5017
5018
5019
502
5020
5021
5022
5023
5024
5025
5026
5027
5028
5029
503
5030
5031
5032
5033
5034
5035
5036
5037
5038
5039
504
5040
5041
5042
5043
5044
5045
5046
5047
5048
5049
505
5050
5051
5052
5053
5054
5055
5056
5057
5058
5059
506
5060
5061
5062
5063
5064
5065
5066
5067
5068
5069
507
5070
5071
5072
5073
5074
5075
5076
5077
5078
5079
508
5080
5081
5082
5083
5084
5085
5086
5087
5088
5089
509
5090
5091
5092
5093
5094
5095
5096
5097
5098
5099
51
510
5100
5101
5102
5103
5104
5105
5106
5107
5108
5109
511
5110
5111
5112
5113
5114
5115
5116
5117
5118
5119
512
5120
5121
5122
5123
5124
5125
5126
5127
5128
5129
513
5130
5131
5132
5133
5134
5135
5136
5137
5138
5139
514
5140
5141
5142
5143
5144
5145
5146
5147
5148
5149
515
5150
5151
5152
5153
5154
5155
5156
5157
5158
5159
516
5160
5161
5162
5163
5164
5165
5166
5167
5168
5169
517
5170
5171
5172
5173
5174
5175
5176
5177
5178
5179
518
5180
5181
5182
5183
5184
5185
5186
5187
5188
5189
519
5190
5191
5192
5193
5194
5195
5196
5197
5198
5199
52
520
5200
5201
5202
5203
5204
5205
5206
5207
5208
5209
521
5210
5211
5212
5213
5214
5215
5216
5217
5218
5219
522
5220
5221
5222
5223
5224
5225
5226
5227
5228
5229
523
5230
5231
5232
5233
5234
5235
5236
5237
5238
5239
524
5240
5241
5242
5243
5244
5245
5246
5247
5248
5249
525
5250
5251
5252
5253
5254
5255
5256
5257
5258
5259
526
5260
5261
5262
5263
5264
5265
5266
5267
5268
5269
527
5270
5271
5272
5273
5274
5275
5276
5277
5278
5279
528
5280
5281
5282
5283
5284
5285
5286
5287
5288
5289
529
5290
5291
5292
5293
5294
5295
5296
5297
5298
5299
53
530
5300
5301
5302
5303
5304
5305
5306
5307
5308
5309
531
5310
5311
5312
5313
5314
5315
5316
5317
5318
5319
532
5320
5321
5322
5323
5324
5325
5326
5327
5328
5329
533
5330
5331
5332
5333
5334
5335
5336
5337
5338
5339
534
5340
5341
5342
5343
5344
5345
5346
5347
5348
5349
535
5350
5351
5352
5353
5354
5355
5356
5357
5358
5359
536
5360
5361
5362
5363
5364
5365
5366
5367
5368
5369
537
5370
5371
5372
5373
5374
5375
5376
5377
5378
5379
538
5380
5381
5382
5383
5384
5385
5386
5387
5388
5389
539
5390
5391
5392
5393
5394
5395
5396
5397
5398
5399
54
540
5400
5401
5402
5403
5404
5405
5406
5407
5408
5409
541
5410
5411
5412
5413
5414
5415
5416
5417
5418
5419
542
5420
5421
5422
5423
5424
5425
5426
5427
5428
5429
543
5430
5431
5432
5433
5434
5435
5436
5437
5438
5439
544
5440
5441
5442
5443
5444
5445
5446
5447
5448
5449
545
5450
5451
5452
5453
5454
5455
5456
5457
5458
5459
546
5460
5461
5462
5463
5464
5465
5466
5467
5468
5469
547
5470
5471
5472
5473
5474
5475
5476
5477
5478
5479
548
5480
5481
5482
5483
5484
5485
5486
5487
5488
5489
549
5490
5491
5492
5493
5494
5495
5496
5497
5498
5499
55
550
5500
5501
5502
5503
5504
5505
5506
5507
5508
5509
551
5510
5511
5512
5513
5514
5515
5516
5517
5518
5519
552
5520
5521
5522
5523
5524
5525
5526
5527
5528
5529
553
5530
5531
5532
5533
5534
5535
5536
5537
5538
5539
554
5540
5541
5542
5543
5544
5545
5546
5547
5548
5549
555
5550
5551
5552
5553
5554
5555
5556
5557
5558
5559
556
5560
5561
5562
5563
5564
5565
5566
5567
5568
5569
557
5570
5571
5572
5573
5574
5575
5576
5577
5578
5579
558
5580
5581
5582
5583
5584
5585
5586
5587
5588
5589
559
5590
5591
5592
5593
5594
5595
5596
5597
5598
5599
56
560
5600
5601
5602
5603
5604
5605
5606
5607
5608
5609
561
5610
5611
5612
5613
5614
5615
5616
5617
5618
5619
562
5620
5621
5622
5623
5624
5625
5626
5627
5628
5629
563
5630
5631
5632
5633
5634
5635
5636
5637
5638
5639
564
5640
5641
5642
5643
5644
5645
5646
5647
5648
5649
565
5650
5651
5652
5653
5654
5655
5656
5657
5658
5659
566
5660
5661
5662
5663
5664
5665
5666
5667
5668
5669
567
5670
5671
5672
5673
5674
5675
5676
5677
5678
5679
568
5680
5681
5682
5683
5684
5685
5686
5687
5688
5689
569
5690
5691
5692
5693
5694
5695
5696
5697
5698
5699
57
570
5700
5701
5702
5703
5704
5705
5706
5707
5708
5709
571
5710
5711
5712
5713
5714
5715
5716
5717
5718
5719
572
5720
5721
5722
5723
5724
5725
5726
5727
5728
5729
573
5730
5731
5732
5733
5734
5735
5736
5737
5738
5739
574
5740
5741
5742
5743
5744
5745
5746
5747
5748
5749
575
5750
5751
5752
5753
5754
5755
5756
5757
5758
5759
576
5760
5761
5762
5763
5764
5765
5766
5767
5768
5769
577
5770
5771
5772
5773
5774
5775
5776
5777
5778
5779
578
5780
5781
5782
5783
5784
5785
5786
5787
5788
5789
579
5790
5791
5792
5793
5794
5795
5796
5797
5798
5799
58
580
5800
5801
5802
5803
5804
5805
5806
5807
5808
5809
581
5810
5811
5812
5813
5814
5815
5816
5817
5818
5819
582
5820
5821
5822
5823
5824
5825
5826
5827
5828
5829
583
5830
5831
5832
5833
5834
5835
5836
5837
5838
5839
584
5840
5841
5842
5843
5844
5845
5846
5847
5848
5849
585
5850
5851
5852
5853
5854
5855
5856
5857
5858
5859
586
5860
5861
5862
5863
5864
5865
5866
5867
5868
5869
587
5870
5871
5872
5873
5874
5875
5876
5877
5878
5879
588
5880
5881
5882
5883
5884
5885
5886
5887
5888
5889
589
5890
5891
5892
5893
5894
5895
5896
5897
5898
5899
59
590
5900
5901
5902
5903
5904
5905
5906
5907
5908
5909
591
5910
5911
5912
5913
5914
5915
5916
5917
5918
5919
592
5920
5921
5922
5923
5924
5925
5926
5927
5928
5929
593
5930
5931
5932
5933
5934
5935
5936
5937
5938
5939
594
5940
5941
5942
5943
5944
5945
5946
5947
5948
5949
595
5950
5951
5952
5953
5954
5955
5956
5957
5958
5959
596
5960
5961
5962
5963
5964
5965
5966
5967
5968
5969
597
5970
5971
5972
5973
5974
5975
5976
5977
5978
5979
598
5980
5981
5982
5983
5984
5985
5986
5987
5988
5989
599
5990
5991
5992
5993
5994
5995
5996
5997
5998
5999
6
60
600
601
602
603
604
605
606
607
608
609
61
610
611
612
613
614
615
616
617
618
619
62
620
621
622
623
624
625
626
627
628
629
63
630
631
632
633
634
635
636
637
638
639
64
640
641
642
643
644
645
646
647
648
649
65
650
651
652
653
654
655
656
657
658
659
66
660
661
662
663
664
665
666
667
668
669
67
670
671
672
673
674
675
676
677
678
679
68
680
681
682
683
684
685
686
687
688
689
69
690
691
692
693
694
695
696
697
698
699
7
70
700
701
702
703
704
705
706
707
708
709
71
710
711
712
713
714
715
716
717
718
719
72
720
721
722
723
724
725
726
727
728
729
73
730
731
732
733
734
735
736
737
738
739
74
740
741
742
743
744
745
746
747
748
749
75
750
751
752
753
754
755
756
757
758
759
76
760
761
762
763
764
765
766
767
768
769
77
770
771
772
773
774
775
776
777
778
779
78
780
781
782
783
784
785
786
787
788
789
79
790
791
792
793
794
795
796
797
798
799
8
80
800
801
802
803
804
805
806
807
808
809
81
810
811
812
813
814
815
816
817
818
819
82
820
821
822
823
824
825
826
827
828
829
83
830
831
832
833
834
835
836
837
838
839
84
840
841
842
843
844
845
846
847
848
849
85
850
851
852
853
854
855
856
857
858
859
86
860
861
862
863
864
865
866
867
868
869
87
870
871
872
873
874
875
876
877
878
879
88
880
881
882
883
884
885
886
887
888
889
89
890
891
892
893
894
895
896
897
898
899
9
90
900
901
902
903
904
905
906
907
908
909
91
910
911
912
913
914
915
916
917
918
919
92
920
921
922
923
924
925
926
927
928
929
93
930
931
932
933
934
935
936
937
938
939
94
940
941
942
943
944
945
946
947
948
949
95
950
951
952
953
954
955
956
957
958
959
96
960
961
962
963
964
965
966
967
968
969
97
970
971
972
973
974
975
976
977
978
979
98
980
981
982
983
984
985
986
987
988
989
99
990
991
992
993
994
995
996
997
998
999
7105
9480
7337
8950
6896
9807
9411
6474
7408
6882
7430
7955
9839
8319
8223
6807
7934
7986
6847
9201
7828
8956
8212
9153
8583
7915
9850
6208
7368
6819
8828
8820
7794
8489
9434
8981
8206
9954
6457
7269
9818
7740
8755
9388
9206
9507
7313
7449
8339
7810
7715
7447
8392
8844
6772
8311
9288
9762
8110
6791
9279
7063
8459
8367
9022
7476
6591
7438
9663
9645
7318
8523
9898
7527
6832
9315
8216
6936
9772
6743
8486
6080
9886
7596
9332
8327
6252
9547
6182
9594
8931
9623
8939
6703
6370
8443
8446
9996
8447
8876
9554
9820
6921
7650
9276
8221
9946
7195
8174
9280
7366
7018
9260
6867
7576
8894
8344
7190
6964
7975
6768
8629
7683
8097
8128
8637
6455
9269
6050
6981
8176
6494
6912
6056
6161
6900
6297
8807
7323
6322
9291
7306
8299
6124
6699
7322
6533
6796
9227
9219
7845
8864
7015
7039
7466
9730
6565
8144
9631
7498
6520
7490
9487
7976
8984
6454
9804
7439
8192
7600
9252
9856
9011
9528
7233
7340
7362
7639
7302
7831
6631
7249
8874
6814
8194
8881
7770
7072
7700
7667
9814
8899
6401
8343
9003
6701
7644
7255
8506
8485
8120
8770
8366
9624
9566
8303
9723
9407
6872
7052
7027
7998
9395
9780
6515
8196
6639
7245
9469
8046
6388
8450
9305
6477
9463
8955
8048
7584
9350
7737
9152
7271
7024
9202
6725
7418
7675
7028
8134
7386
7552
7311
6271
9867
9483
8790
9258
7645
6756
9161
9531
7652
8256
6287
8300
6926
7308
9878
9410
6374
6923
6256
6067
7840
9316
9768
9884
9181
6126
8278
7059
9560
8896
9526
8240
9311
7465
6695
6316
9122
8569
6606
6614
9552
7011
8293
7469
8857
8773
8368
6229
8713
6979
9888
8010
9245
9251
8516
9801
8060
8916
9847
6700
8401
9851
7237
7420
8294
7414
6089
7526
7958
7943
8999
6662
8218
6238
7611
8307
9694
7777
7235
8961
6665
7736
7462
6763
8787
9829
9329
8925
8179
8746
9903
9001
8990
9379
8743
8045
6019
9596
7142
8305
8072
6667
8714
9821
7008
7689
8425
7200
8364
7862
6439
9642
7407
8665
6199
6640
7950
8786
8859
8386
7187
7290
7167
6438
7972
8001
8905
6471
9193
7801
8159
6257
6742
7460
6113
7208
9881
6906
9191
7793
8573
7757
8449
7153
8465
9710
6820
6925
7744
7699
8851
8841
6636
8969
7109
8203
8027
6681
6620
6629
7727
8251
6550
6382
6575
9172
9166
6084
6099
8908
9144
9183
7676
8617
6303
8362
7404
7853
6141
8879
6972
6164
6599
8396
9769
9853
9868
8560
9692
8501
9800
8350
9254
6037
7232
9146
7730
9770
6482
6062
6002
9165
8444
6323
8439
7994
6718
9879
7985
7402
8068
6508
7530
7220
7515
7726
6354
6328
7949
6189
9476
7177
6384
7505
6774
7963
8789
6841
9365
7984
9527
6346
7394
8295
9609
8690
6418
7130
9446
7636
6246
9031
8009
9082
8707
6582
9384
9270
6973
8557
9074
8470
8928
9717
6853
7081
6999
8274
7127
6995
8847
9099
6684
8891
8927
7086
8954
8469
7275
6452
6071
8817
8170
7089
8553
6395
9865
8885
8440
9109
6757
7846
9543
7114
9955
8758
7434
8619
9939
7981
9441
8897
8462
9380
6504
9014
8361
9916
9477
7561
7966
7297
6663
9440
9032
6253
8107
9433
8471
8750
8348
8966
8163
8253
6878
8285
6218
6302
9855
9794
8477
7084
7432
9678
9713
9457
7954
7009
7236
8700
8689
7450
7363
9619
8312
9006
6713
9516
6727
6724
8819
7941
7563
7209
6985
6899
8331
6945
7248
6055
6707
9060
7914
6140
6191
6905
6647
8775
8630
9004
6358
8763
7812
6683
7802
7262
9963
8873
7383
6911
9542
9778
6276
7749
9572
6116
8813
8730
8066
9318
6548
6243
6637
7244
8313
8986
7006
7276
6505
8142
7259
7417
8074
7977
6135
8429
9013
9198
8441
8052
9112
6014
8957
7881
9287
8432
8909
7155
8370
7774
6332
9224
9893
6143
9378
8832
6245
8983
6174
7549
6953
8254
6228
7571
6186
7421
9948
9490
9299
7588
9578
9691
9812
9174
8963
6535
7762
7392
7321
6838
7997
9296
8145
7185
9832
8920
9646
6746
7729
8076
8519
8237
9075
8155
9522
7047
8458
7825
8594
6375
8621
7273
9362
7773
7538
9278
9048
6870
6958
7471
8741
7030
7843
7298
9186
7876
7225
7547
8231
7199
6830
9162
8568
7083
7909
9052
6265
7331
7841
6250
7077
8606
9803
9394
9704
9999
9936
6499
7193
8209
8482
9675
7759
6638
7026
6765
7990
9119
7451
9871
7927
6844
6861
7112
9842
7634
6296
7461
8997
6259
7866
9985
7136
8434
6755
8774
9355
7149
6213
7692
7445
9835
6468
6946
7129
8667
8710
7338
7080
7848
7733
8382
8406
6993
6661
7341
6030
9460
7591
9094
9905
9799
7472
7572
7503
7910
9368
6616
8721
9958
6809
9097
9130
8570
8208
7090
8872
6307
8668
7936
9364
9992
8549
7370
7895
8143
9988
9724
7778
8448
7334
8769
9051
6969
9417
7119
6202
9039
7835
7358
9760
6397
6633
8491
6453
7718
9383
7435
6459
8968
9647
9923
7948
6200
9887
6691
6223
6070
7786
6427
8436
9573
6836
7698
9501
6556
6353
8858
9973
7111
9423
9785
6888
6813
9877
6160
9900
6675
6356
9058
8014
9346
7045
9208
6579
7666
7079
8711
9129
8096
6097
6916
6904
9054
8101
7266
8324
9499
8257
7431
7106
9909
7145
6654
9164
9533
8113
9732
7708
6102
9056
9607
8709
8638
8103
9493
9959
7820
6989
9046
9508
9614
9659
6023
6465
8139
7983
6886
6044
7371
7834
8456
8207
6308
7615
6349
9983
9128
8922
7978
8273
6678
6578
8032
7623
8136
9606
6435
9854
6529
8694
6304
7034
8236
6414
7775
7513
7280
8329
8590
9214
7631
7110
9512
6558
9222
6491
8942
9456
9139
9281
9160
7849
8006
9715
8767
8970
8181
8642
8949
6754
9548
9401
9489
9121
6952
6488
6042
6646
9834
9151
9482
9348
8276
9984
6484
9232
7776
7326
9825
9142
6676
9353
7257
7531
6001
9450
9345
6404
8031
7475
6390
7758
8230
8304
7942
6672
7962
7543
7564
6889
8104
8757
6679
9413
8247
9399
9385
8061
6781
6366
9455
9008
8798
9134
6769
6689
8701
9188
6235
6521
7688
6422
9654
8987
9506
7732
8753
9982
7524
6848
8078
9459
7930
8843
9120
8749
6008
8852
9641
7956
6805
8513
6957
9408
7202
9961
6476
6367
9947
8013
9570
6149
9249
6843
9064
8729
9143
6541
7437
9126
7071
6072
8479
8199
7725
9711
6244
6155
9218
7628
6961
7937
7938
8776
6421
8793
7756
7299
6177
7192
7852
6951
7307
9518
8835
6516
8736
9706
7219
9212
8762
7354
9062
6120
8616
9725
7701
6534
9453
9381
9238
8699
9077
6643
8977
7094
7785
8309
9217
8473
8735
8684
8838
7765
9615
6231
8548
6272
7803
7348
8975
6737
9652
8249
8016
6628
8695
6051
7328
8892
8356
7664
8748
8510
8024
7474
8724
8645
6226
8051
7869
6096
7473
7040
9182
9787
8626
8438
9047
8541
8534
8186
6260
7517
6576
6804
6338
7342
9568
8995
9976
8923
7074
6947
9292
7603
9484
7204
8308
9386
8399
8235
9668
9515
9213
9757
8794
7554
8394
8201
6618
8788
7555
7401
9621
9093
8349
6552
8868
6573
6702
7624
6242
6811
6991
6570
7610
6114
7886
6898
8687
7489
9904
9416
9263
7436
8780
7117
9137
6254
6110
9262
9534
7140
6517
8945
7456
9419
9374
6731
8150
8574
9190
8445
8971
6180
6982
6685
7935
8351
9798
6219
6125
7739
7916
9177
7616
6069
7882
6154
9682
9029
7592
9068
7458
7829
9765
8803
7025
8168
8742
7642
9347
8415
9767
9118
9977
6204
8994
8739
8685
7184
7521
8660
6726
9331
6824
9187
6424
9425
7360
9598
6203
8596
8527
6938
8846
6281
8119
7643
7332
8543
8978
9502
6490
9538
6127
8188
9313
6720
7578
6479
9320
8812
8289
7593
8454
9815
8571
6009
6598
7068
7586
7316
8140
6363
6146
7103
9285
6131
6602
9697
6687
9283
8365
6915
6942
6092
6058
7078
6433
8100
9618
7716
9811
7148
9090
8547
7702
6802
9274
9175
6091
7260
9370
9747
8158
9817
7092
9731
6107
8752
8680
7751
6129
7428
8412
6815
9561
9141
9532
9680
6224
9773
8676
8376
6434
9597
8337
9103
9950
6622
7534
6280
6748
8625
8086
8561
6458
7356
6660
6507
9744
7658
7303
6919
9449
6929
8796
9025
7673
6918
7965
9633
6551
7446
6680
6509
8433
6750
8157
9714
6020
9100
9491
7550
6761
8057
8919
7663
7522
8098
9665
9017
7790
7863
8636
9171
6852
8854
7752
9148
9372
8099
8529
9671
7053
6522
9015
6641
9657
6920
7741
9779
6060
7612
8177
7124
8716
8733
9492
7627
6930
9272
8189
8567
7121
7051
7504
7381
7897
9571
7287
6528
9987
6233
7860
6883
8935
9673
9860
9445
8397
6835
7096
7182
6279
7795
6903
9841
8219
6773
6577
8490
9472
7769
7021
8131
6335
8094
8934
8403
8901
7336
6411
6816
8081
8884
9503
8129
7633
8618
6744
9629
9158
8976
7284
6536
9519
6103
9228
6950
8824
7580
9042
7113
9157
8217
6081
7536
8973
7410
9932
9422
9716
9701
7415
8268
6960
9968
9133
7171
6230
9140
7453
6650
9024
9846
6172
8388
6153
8823
9944
7565
9326
8624
8353
6000
6518
8867
8435
7211
8702
9204
7712
8641
7992
9468
6170
6965
9882
6049
7491
9752
6493
8777
6407
7091
8504
9935
6632
9009
8715
9583
8437
8084
9063
6364
6715
7017
8377
6394
9930
7577
9415
6924
8204
7738
7055
9929
9859
8804
6825
7695
6004
8384
8416
6319
6735
9588
6237
8871
6561
8080
6336
8811
8781
7147
8540
7686
6519
6137
6502
7528
9207
7569
8426
6553
8628
7640
9002
7495
6907
9168
9529
9091
7529
8584
9872
6098
8526
8055
6863
7947
7964
6263
7999
9083
7346
8930
6732
8771
9941
8277
9504
8050
9658
6277
6873
8082
8499
8233
6330
9429
6227
6613
7274
6405
8593
9210
6314
6152
7665
8860
8599
6428
8764
8575
8270
7246
9448
7579
8291
8670
6943
8286
7693
7510
8751
8352
7635
9317
7544
7411
7492
7791
9488
9427
6248
6416
7157
7704
7189
8535
7002
6557
7939
9617
6247
9282
7295
7755
9242
7194
7433
9600
9874
9106
9577
9962
8004
7151
7854
6590
8518
8653
7444
6839
7745
8493
6043
6996
7659
8341
9194
9327
9069
8580
9709
6760
7674
9197
8175
6941
9184
6369
8280
7347
7350
9185
8539
7357
7395
7201
6655
8933
8696
7443
8306
6165
6677
6669
7261
6626
6778
8937
9805
7823
6175
7516
9994
7721
8598
8579
8390
7345
6963
8428
7932
9970
6406
6410
7043
9541
9358
8911
6997
7294
9340
7296
6473
8093
6035
8609
6849
9145
8951
7207
8546
7095
7221
7032
8517
8033
6779
7426
7036
9322
9943
9402
8258
6607
8160
6846
8476
9656
9894
8414
6345
6088
6594
6879
9018
7419
8402
7782
8833
9066
7921
6571
6530
7361
8062
8530
8761
9593
7169
7291
7922
7632
9275
8545
8193
7761
9736
7567
9795
7120
9782
9230
7496
6178
7023
6810
8374
8814
6090
6130
7048
9293
6192
8818
9651
6085
7087
9696
7424
7101
9007
7019
6842
6495
7093
9116
8000
6511
8982
9928
9908
8732
9387
9806
6142
7122
7887
7162
6380
7858
8494
7685
6373
9956
9897
7470
8372
9005
8003
7694
6586
8765
8071
8259
7198
7166
9209
9684
7602
6487
8815
9553
6967
8948
6559
9257
7050
6714
6478
8555
7467
8378
8246
6024
7399
6545
9124
7827
7604
8320
9117
6555
7270
9639
7672
7343
9033
7626
7279
9107
9199
6344
8146
8953
6378
8816
6630
8342
6138
9113
8577
6040
6362
9676
9537
6716
7405
9086
9505
9059
6351
6311
9244
9359
7387
6324
7904
6171
9302
8211
6657
6052
6310
8907
9980
9309
8148
8333
9670
8334
6851
7268
9581
7330
8627
9991
8421
7888
7806
8063
9549
6740
7482
6340
6730
9776
7057
8801
9949
8727
9369
6784
8784
7971
8019
9662
6399
6295
8875
9826
7329
9902
8162
8979
9644
8040
6352
8964
8679
8759
8558
8408
6706
9200
9523
7560
7252
7000
9802
9035
9849
7993
6105
7923
7533
6759
8703
9412
8301
6156
7814
9721
8020
6583
8551
6694
7678
9917
7168
8015
7062
6940
7682
7609
7380
7116
9628
8887
9945
9040
8404
6764
7390
6719
6808
8314
9471
8381
8279
7075
9065
6274
8087
7033
9223
9837
6028
6818
6513
6133
8026
9810
8481
6031
9312
6584
7098
8633
8914
7213
7227
7422
8991
7223
7165
6275
9239
8271
9342
9707
7783
6278
6828
9786
6801
7385
8940
8453
6159
6572
9755
7912
8612
9078
6854
6210
8011
8475
7836
6360
7231
9163
8952
8322
7264
6592
9796
7832
7894
8298
8863
6300
7787
7416
6917
9509
6913
7772
6448
9438
9371
7319
9981
7760
9698
9864
7325
8719
8595
8678
8332
6604
9824
9267
8090
7253
6949
8269
7133
6642
7553
7493
8467
7605
8248
6025
6928
7696
6510
9915
7856
6094
6770
9555
8870
8500
8038
9790
6393
8556
6136
6268
6771
6251
6333
8115
7037
9830
7798
9558
7397
8725
8244
6741
8197
7508
8135
6537
6822
9899
7587
8603
7085
7203
6022
8043
9788
7335
9565
8651
8631
9649
9084
7809
8056
6793
6826
7826
7657
7731
8965
7497
6823
6425
6426
8943
8224
7506
9967
6944
7865
6301
9870
9301
7807
7594
6010
9155
6971
7589
6185
7374
9027
8722
9986
8888
7041
8095
6524
7875
8886
9608
7800
7585
7066
6475
7229
8242
7629
7847
6119
8866
8111
6462
9544
6621
9101
7108
8620
6786
7889
8792
9626
7324
9447
8371
6566
6168
7500
9250
6627
7239
6289
9016
8853
8138
6747
8085
7796
9743
7952
9404
6799
6387
9095
7351
7893
8391
8198
6935
8913
8802
6884
9719
7620
9435
7413
6357
6855
8959
9739
9481
8315
7398
9180
8985
6222
9740
9751
8848
7488
6859
7583
7455
7196
6234
8147
7747
7661
7557
7278
8656
9546
7535
9265
8457
9557
7713
8562
6359
7076
8903
8185
7388
9154
6466
9705
6286
8360
6986
8379
6585
7630
9087
6615
6738
6221
7684
9376
6600
6460
8152
7379
7286
7724
9486
7459
8797
7448
6034
8180
8674
7125
9284
6065
6611
6064
7598
7764
7010
9997
9443
7900
6868
6800
8756
8418
8355
7988
6914
7813
6467
8601
7485
6412
9689
6209
7212
8697
7164
7016
8639
8538
6658
7359
8411
8648
7511
6766
8210
6794
7035
8398
6908
9661
7960
7680
7376
8340
6909
8264
6109
6273
6525
8205
9605
8345
7175
7216
8554
7502
7013
7539
6788
6294
7691
8559
7163
8234
8468
8442
7811
9845
9366
9722
7562
8483
6539
7641
8267
6312
9580
6158
9289
9952
7073
9189
7928
7709
6381
7918
7373
9592
6331
7364
7870
9391
9271
6567
7655
7767
6134
7215
9601
7263
7763
7797
7537
8836
6305
9681
7830
6157
6093
8604
6931
9079
9237
8252
8623
8607
9781
9261
8484
7393
8321
7242
8582
7097
7115
6783
9104
6698
6664
9975
7412
9574
6708
8296
8718
8323
7735
6011
9089
6327
7014
9648
6313
9026
9910
7159
7300
8478
6073
9300
6163
7288
9540
6955
6104
7601
8661
6875
6954
9470
6634
7454
8363
6992
8226
7049
9708
8514
7771
9525
9085
8141
7152
8849
9759
7320
6442
7653
6753
9564
8921
7884
8503
9556
9335
7753
7029
8228
7607
6845
6840
9604
6927
7906
8904
8705
6033
8187
7206
8238
6059
9793
8044
8834
8910
9241
9989
7980
8692
8383
9343
7044
6063
8592
7891
7619
8495
9216
7143
9328
9653
8856
8587
6506
8992
9586
9922
9852
7959
9125
6355
6729
7355
8127
8452
8132
9352
8791
9517
7559
6032
6437
9861
7281
6962
7540
7468
6169
6901
8611
8380
6193
6205
9695
6392
6347
8947
7314
8663
6239
6547
8664
9437
6745
6480
9783
8795
6197
7996
6866
9496
9720
6132
7953
9612
7710
6440
9530
8316
6005
8385
7123
9466
6803
7499
6006
8025
6526
8164
7375
7838
7484
6262
9400
8290
9687
9420
9749
7973
8039
7104
8318
9742
7917
7706
6118
8420
9562
8029
8091
7186
8622
6595
8190
9308
8124
7020
8389
9306
7277
9575
6214
8474
9912
6610
8634
8239
7525
8889
8178
7222
8117
8882
9356
8900
9225
9728
8153
6874
8613
9253
8512
7647
8075
9620
8839
8369
8130
9256
8915
6321
9454
6415
9951
8451
7816
7409
7951
7925
6574
8941
8521
7483
8065
8423
6299
9758
9076
9892
8693
7519
9012
6501
9797
7183
6469
9833
6036
6589
8671
7038
9858
8108
7883
9010
6876
8492
9138
6977
6162
7548
6320
7210
9442
9637
8466
8673
7649
9428
8831
7138
6562
8222
6790
6216
6486
8666
9363
8806
8005
9310
9495
8064
9965
9630
7637
7377
6623
8047
9070
7228
6865
7137
9123
9813
6298
8883
8929
6704
9844
8822
9339
8525
9585
7911
9147
7551
8137
8537
8508
9699
6074
8409
8123
6850
6693
8720
6194
9333
8880
6503
7258
7205
6269
6108
7872
7283
9211
8424
8533
8657
6862
7595
9044
9940
8615
8030
9149
6196
8691
8502
9294
8996
7679
6988
8395
9521
6122
9535
6705
8826
7957
9337
6688
6167
7606
6413
9921
6891
8070
8058
7924
8122
9102
8918
6121
9539
7367
8288
7885
7058
7173
8347
9784
6396
8672
8646
6649
7214
6580
8772
6258
6436
8083
8898
6601
6283
8167
8116
8602
6144
9911
9494
9055
6184
7969
9231
7892
9964
7293
7989
6461
9718
9061
6166
9582
7646
7945
6068
6651
9734
6017
8262
7570
6386
8354
7817
7905
9712
9375
7154
6710
6016
6267
7851
7545
9660
7799
6581
7301
9105
7919
8118
7305
9451
7022
8488
9135
9034
6549
6100
8053
9277
9737
9264
9286
9132
7146
7874
8400
6013
8023
9843
7042
7056
9235
6890
7477
6721
7581
6980
6083
6348
9196
6697
7442
8972
6365
7001
9028
7638
9672
6532
9666
8375
7441
7768
8184
6190
8215
9890
9108
8067
6150
6220
7102
6255
8059
7234
7099
9195
9828
6431
9777
6934
8496
8232
7107
7859
6215
7722
7867
6837
8200
9178
7501
9625
9690
7660
6402
9610
6018
8265
6368
8585
6128
8564
7174
8245
7312
9907
6038
6880
8738
7118
7150
8924
6041
9674
8282
9627
6444
7822
6334
6812
9349
6648
9634
8049
7141
6341
9067
8686
6086
7575
8035
6603
8591
6624
7217
8605
8635
8263
8431
6151
6712
6046
7720
6617
9576
6974
9590
6645
6325
8275
8114
8524
8805
7743
6739
8498
8511
9896
7766
6115
9700
8581
8261
8926
8659
7931
9979
7251
7064
9421
6785
8740
9357
6497
8183
7546
8936
9679
8649
6696
6975
9763
7873
7514
6076
9974
8734
7824
9938
6498
8292
6492
6751
7967
8042
8706
7687
7668
7440
6902
7890
9895
8106
7804
9643
6673
6181
9775
8460
8754
6538
6937
8810
9738
7128
7982
6596
6777
9688
8302
6670
9351
8654
7478
6483
9176
9920
7304
7004
7178
6994
9036
9545
6288
8840
8464
8902
7734
9791
7069
9591
7391
7126
9439
7855
7728
7842
7132
9703
6858
9373
6117
6398
8932
9513
6285
9418
7987
6339
9635
8419
9192
6106
6290
8566
6027
9880
9396
8105
7844
8036
6419
6933
8827
9473
8335
8151
6531
6012
8532
6827
9041
7429
7003
7839
6045
7396
9677
8536
8542
9622
9933
6048
9215
6652
9891
6829
9043
8405
9819
8281
9205
8862
6225
8597
9114
9023
7158
9876
9393
8407
7188
9344
9338
7792
7267
9550
9233
7486
8515
8572
8359
9405
6451
8507
6420
8017
6377
7247
7061
9458
9432
6956
8509
9960
6291
7719
8121
9603
6445
6079
8225
6112
6984
8373
9524
6864
8829
8652
9266
6795
8731
8455
8589
8472
7046
9497
7352
7566
6293
6400
9297
8917
8655
7961
7711
7179
6798
6668
7197
8683
9452
7714
9478
7378
7707
6007
6472
9341
8109
9298
9926
9693
9136
7523
7582
6371
6015
9325
7815
8012
6990
6659
9636
7226
6389
7339
6408
7180
9990
9599
9398
6787
9424
6723
9236
7292
6892
9020
7082
6588
7723
9057
6095
7697
9514
8988
6860
6987
9754
9111
6776
9937
9246
6563
9303
6464
9259
7256
9430
6834
7518
7705
7573
6403
9857
7903
7819
9403
6111
8172
8166
8034
9809
7908
8522
6212
6232
6780
7789
9319
8387
6948
7748
8708
9037
7651
9953
7457
9655
8588
7946
9587
9409
7541
7677
9474
8698
6485
7243
8778
6176
9589
7621
8993
6075
9392
6376
8007
6306
8002
6587
9377
9836
8688
8297
6682
9461
9049
9638
8346
9243
7353
9816
6270
6749
7088
6350
6463
9873
8809
9831
6187
6728
6026
8576
8938
6450
6893
9741
8717
9934
7464
7160
7349
9314
8677
9683
8213
7880
6983
9746
9957
8944
7590
8328
6881
9324
7896
9838
8430
7156
9669
8850
7656
7241
6554
8102
8156
8842
7191
8480
8149
8989
6447
6831
6315
8865
6409
6188
9729
7788
9869
9073
9993
7507
8022
7060
9179
8785
8958
7384
6441
8845
7681
9354
9822
8520
8008
8869
8272
6544
6057
9745
9406
6656
8073
9735
8089
8220
6489
9000
9559
6894
8610
7054
6782
8783
8768
9840
8393
9221
6236
7979
8417
9367
9127
6821
8528
7480
6817
9156
8974
6417
7144
8895
6470
9616
8766
6752
8640
6240
9748
9685
6717
7671
6429
8893
6922
7344
6885
7365
7403
8578
9360
9584
7662
8326
9726
6179
7012
9110
8413
6317
7230
7427
9632
6546
6343
9226
7833
9248
6564
6066
6266
7902
6432
9667
9510
6217
9792
9498
6195
8330
6318
7369
6372
6264
6608
8980
8662
7821
7818
9808
9295
8681
7568
6653
7285
7372
7864
7406
7176
6709
6597
8647
7933
6101
6337
6496
9382
9500
9906
6897
7868
6543
8967
6261
8675
6593
6758
9966
9072
9889
7520
6326
8287
9479
8837
8821
9971
7878
7597
7574
7317
7913
6047
9169
9431
7929
6423
8260
7218
6512
9321
8154
7690
7289
9465
8565
6722
8962
6666
8092
6481
6284
6970
9080
6690
6833
7400
9567
6198
9115
8728
7940
6147
6612
7970
9536
8799
8195
9019
9862
6775
7974
6686
7907
8747
8173
8550
7170
7926
9919
9640
9323
7599
7608
6446
9444
8586
9390
9602
7779
8563
8133
9330
8169
6145
7100
6998
6054
6139
7901
6206
9053
8422
6039
8650
8069
8077
6806
7333
7007
7625
8266
8825
6430
7861
8079
7031
9774
6329
9863
9827
8041
8737
7282
6856
8255
7879
9664
8227
8644
7487
6527
8338
7494
6733
9247
9240
8112
9595
6568
9511
8912
8229
7898
9229
9764
8182
8202
9336
8241
7254
7181
9750
6734
8505
6173
7161
9823
8998
7781
6609
7995
8037
9092
9913
6869
6966
6762
7512
7131
6514
6789
8284
8906
8658
9173
6292
6978
9290
6792
9426
6241
9030
8782
9901
7509
6895
9467
6078
9848
8704
8808
7784
7172
9131
6635
6123
8877
8531
8461
6569
9918
6077
9071
6456
9098
9273
7857
9220
6342
7944
7920
9096
6797
6523
9761
9579
6148
7382
9551
6540
8712
6029
8283
8125
8544
9050
8861
7648
7067
9563
9081
6976
6959
8632
8317
6500
7780
9038
9088
7327
8643
9389
9686
7532
6449
8682
6021
8800
7265
6443
8760
7850
7670
8427
6857
8745
9485
7618
7805
8487
9885
8021
8165
7837
7558
7310
9931
7613
7622
7877
8250
9995
7070
9650
6207
7871
7542
6391
9170
9414
7808
7005
8463
9733
8214
9045
7463
9462
9914
7065
6309
6671
7481
8946
9268
6082
8830
7425
9304
8890
9255
6087
8171
6644
7134
6877
8497
7614
9361
8191
6542
7250
6183
6887
9334
6211
9978
6767
8600
9969
9150
8126
6383
7479
8608
7617
7139
8054
8744
6692
9569
7746
8325
6061
9702
8855
6932
8243
7750
9771
8723
7224
6560
9875
9307
9924
9789
7423
9203
6619
6939
8018
7238
9167
9475
9611
7240
7315
8161
6736
9753
8358
7717
7968
6379
6968
8779
6625
9972
8552
8960
6910
7899
6674
8614
9766
9927
6605
9234
7556
7742
8336
8310
8726
9756
8028
9925
9727
9942
6053
7991
7135
6385
9159
7654
7703
6871
9021
9520
9464
9613
8669
8357
7389
9397
7272
8410
6282
9998
6249
7669
6201
6361
7754
9436
7309
8088
8878
9866
7452
6711
6003
9883
