381
4128
2217
5739
5336
661
5051
334
912
4295
1899
4967
4559
1088
1470
2270
3870
2137
2938
2459
250
2206
4389
525
127
648
416
5579
4233
1679
3501
3495
5306
4558
4537
4933
2558
4014
1984
1486
4120
3983
3308
3109
2916
1917
3334
4992
2125
5203
1350
5891
3129
2014
118
350
4160
1224
5670
3647
74
5676
1397
2184
4336
474
3888
185
5759
722
52
2706
751
4432
5629
2997
5871
5401
4770
4901
5224
5419
2702
2185
2592
1743
2821
314
4226
3618
822
26
800
1082
2663
5721
5943
4882
576
5012
38
23
5557
2326
194
5339
1439
66
1438
1260
2246
4690
2610
5304
4211
3201
3365
5527
4958
1410
1698
1416
1701
272
703
975
4687
1782
4640
2033
2675
3505
3092
4387
3236
4406
4678
608
1141
3285
147
4205
2864
4003
5776
5171
5223
1745
1915
3773
258
5487
5992
2936
4519
877
2122
785
5157
4679
1987
2805
3068
2859
4781
4908
2313
1213
1430
1480
1746
2555
559
3860
2729
2677
4002
4104
5048
4939
4467
3257
348
5010
3914
5682
4653
2301
1194
3551
2996
2088
2413
3232
1295
5851
1896
3997
275
55
4390
2527
1451
3461
2838
571
1797
1398
484
4562
4699
5225
122
4806
1920
132
2939
4158
5246
2876
2617
1256
624
444
3269
1790
342
5761
5221
570
5969
1499
2861
1561
3789
3304
2166
1353
1787
1151
4885
4064
1261
5962
3884
3245
749
3293
3072
4906
1902
2580
4928
2405
3354
1176
2032
4111
3527
4440
4807
3018
4592
3547
2482
2725
2601
3603
3177
4799
3343
4641
3611
393
1040
3639
341
237
1201
876
4159
1632
5722
3827
2243
1821
4594
5232
892
3948
4518
5744
1309
1972
2453
796
2703
1372
2454
2827
3610
817
982
4737
4974
294
2238
2506
4236
5764
1405
33
4085
4627
3001
3687
3465
39
3782
5179
2521
4876
612
773
1228
4006
5635
2375
1322
2276
3305
5967
890
4107
3172
425
742
4607
3246
603
5593
4089
4776
4903
507
2098
173
3376
4758
5556
1443
389
4029
3772
1853
2117
4201
1094
3974
1406
3224
3633
3080
4411
4610
2657
4291
2582
1135
5972
5279
3829
5066
57
5362
1124
3223
3831
2995
2988
3347
271
1779
4660
180
1297
5208
5853
2549
373
5218
5098
3879
3443
2347
752
3745
1369
1989
241
2323
5845
5587
2556
3811
109
4547
5743
3724
302
3366
855
597
1933
5056
4143
735
3941
1371
1445
4677
248
5701
2796
2894
2806
142
5355
4858
5980
3513
252
2314
5820
3193
3081
2273
957
1249
4902
4041
1259
11
620
3361
3427
2878
4410
3569
5368
3151
202
2462
4248
3558
4067
5212
2267
3929
885
1019
3950
1266
5575
5149
5535
5492
3263
3999
5651
1970
4454
3530
1367
5166
216
3942
2097
2891
5332
5546
2490
2439
2422
4135
1075
2261
4258
27
1818
2615
3409
2816
3314
5425
4624
2812
2917
5941
1775
5696
426
3141
1319
2025
3340
907
5449
4711
1846
1708
5472
4685
414
5118
5612
573
3221
3729
2222
1810
2254
1624
3038
3572
222
5155
5627
997
2587
4871
336
5101
5448
2892
4114
1941
755
3060
2089
5590
4844
3946
5445
917
811
5516
2531
4306
2183
1607
1735
2176
4392
4189
1066
3046
3676
3261
5043
5597
5125
3661
4506
1104
642
1450
5700
3762
3634
2933
1935
2442
1004
3374
1594
2178
983
2214
847
5993
5711
3165
4277
3830
4170
2420
3622
308
4055
220
2631
2489
3484
1803
4788
844
5790
1844
4098
2316
937
4803
1983
5688
5709
1999
5287
4983
5888
2253
4196
4164
1188
3828
3777
1498
2946
1848
472
2488
4439
269
5262
893
5399
3707
1015
1218
3709
5999
1668
2866
3825
2334
1343
72
452
3594
3852
1152
2199
706
3984
1185
149
760
4691
4127
5102
2727
5857
4515
5269
1458
5783
3663
881
2586
430
321
2719
140
3559
4130
3520
561
4838
1347
5103
524
1523
2114
4088
1109
5104
2441
1557
1252
3444
4429
4026
989
4401
3727
1013
4174
5394
196
3267
3437
5382
2664
2386
4566
701
3752
3993
2883
4228
584
1887
384
3091
80
5645
354
736
5261
2765
1440
2901
653
4086
1303
3307
3420
1766
1076
2535
2408
189
575
943
5416
4856
4451
1964
5220
3644
1073
5991
4499
4334
3475
2070
4382
5469
254
2250
2723
5482
4810
225
2076
5502
4612
1139
1608
1387
203
4286
2204
2263
3449
3104
5921
2055
1639
3330
1993
4409
4893
4955
2159
3320
62
5808
1774
1137
3219
1719
5922
3952
4491
3964
3578
427
2694
2500
297
639
4752
5807
2103
875
3464
2417
4151
4732
3447
5772
3200
2081
2007
3195
2854
4674
958
4268
5284
5443
1617
2477
968
5620
2497
2341
3862
1279
2092
224
5253
1725
5558
5244
1564
2956
5204
2874
188
5115
4972
664
1162
5804
3241
5833
1894
5499
3771
5994
2658
5239
1640
1380
3615
2329
4184
2360
5534
2762
2187
1423
2784
3699
3533
1792
206
4760
4877
4493
3640
905
4489
4109
1243
3767
4108
3619
2337
1477
1885
1183
3886
1575
2427
5147
1819
2914
2707
2084
5564
4278
410
2269
2026
4416
5672
5169
347
1977
491
2596
4630
700
693
4719
3015
217
1799
1395
2203
2170
4080
560
3864
1830
5663
5151
3504
2653
137
5374
2868
4094
5717
5042
3333
20
375
3036
2551
1011
5816
3918
3733
1540
5437
488
1115
4494
5061
2553
405
4141
2468
1645
3925
5364
364
4377
116
315
5919
4271
2709
5524
3298
3963
776
210
1157
806
898
3706
2391
1330
5570
5254
5076
2042
5788
1326
5867
836
3959
4741
1357
1048
3394
4447
708
5344
2774
4574
4342
2999
3683
4618
5916
4930
5128
5428
4173
268
569
4636
2585
4048
154
1669
3620
5309
5613
652
2446
3384
3089
2320
2484
2016
1289
1519
3592
4076
3337
4979
4216
772
1744
651
3900
3928
174
4948
1962
5182
3890
859
455
547
1577
4224
5550
457
4192
1658
4865
5848
35
5270
528
3511
2140
2690
3111
1149
2627
3062
500
496
3264
4242
604
909
4457
2693
1808
2295
4121
3899
398
3788
4932
5577
5985
3204
5879
694
1043
1106
1415
5724
1404
4656
519
1341
5414
4053
5685
2294
2644
793
529
3632
2539
1417
5705
4534
1794
1310
3500
435
1991
2127
5636
685
2280
1804
5290
5318
3554
5389
326
123
3601
265
2629
725
2893
2150
5311
4328
619
4942
887
1593
2961
5539
990
3416
2432
5795
3536
2457
3070
3419
2990
1363
5016
5477
1850
261
4051
1925
179
4298
446
910
1420
4269
3477
4116
2713
4780
2884
4586
3704
3233
2138
407
255
903
3802
120
3114
1605
2412
5050
2602
1931
5479
3988
3138
5353
5779
2104
1216
4443
2115
2712
2748
4374
3240
5476
3486
5211
5506
3348
5422
356
5508
4034
1994
3957
3617
850
2733
3812
2402
2925
5431
5402
3781
1021
3703
1534
1140
1982
4623
2798
3451
602
2003
5257
1985
95
1489
1085
3364
1570
5313
1559
4500
30
1273
4436
5137
448
3058
2233
5088
3657
504
5123
1638
5791
3425
3614
5664
5528
5702
2545
3450
4207
3917
2335
4526
5689
1348
5934
2234
4584
4873
2001
3098
5281
1781
3895
3467
4977
994
5715
5333
901
4763
4793
5638
264
665
4214
2984
4362
5177
1656
2760
5105
763
5504
5784
3173
2787
2174
4132
1093
4887
5126
5673
2824
2327
647
3803
1741
2799
2708
4200
2075
2720
5977
941
5236
2647
2853
4724
1963
2745
1758
5168
1737
699
3327
2299
4364
1339
565
331
3749
2367
3265
34
2460
985
4437
1292
4018
4629
1628
5694
436
1332
5070
4536
3433
3815
895
1119
1773
1738
1072
692
3169
2976
1425
2467
4647
5734
1121
947
3276
4213
1103
854
5470
2508
3719
1385
4045
2002
129
4484
4707
5971
1541
5952
5197
4940
818
4146
4525
2829
4247
3483
3935
3009
167
5568
5675
2194
758
3278
3903
3506
4341
4845
3455
4884
3804
1690
5396
919
3932
5407
3916
2303
2668
1225
1421
705
858
4462
5913
2328
5961
4471
3577
5865
5006
1843
2699
2161
4040
2971
4000
4611
794
3981
159
3648
2362
599
2522
2284
5427
335
1978
5861
2670
1791
1414
3492
5707
3861
2828
1968
3237
2603
4924
1383
1806
826
4701
1214
5738
4917
2045
5060
3655
3857
3800
778
3260
5178
1134
1909
5347
3649
2475
4556
4100
279
3035
3531
3705
3711
4650
3992
3678
801
2912
1871
1060
1723
945
1355
4505
1165
3488
3656
4730
2431
5093
4802
4616
2562
4219
5293
3751
2589
5981
3869
5363
2856
2186
5302
2481
4032
3214
2761
1890
4495
4742
5019
1083
79
4046
481
419
4975
4398
4222
1734
5896
3377
3591
3769
650
995
984
3131
3868
5243
1089
1926
2940
1765
5644
1010
3604
4805
4655
4139
3743
4608
4971
1916
1171
490
4430
5323
3923
4671
4635
3321
266
5544
5424
5291
3213
2830
684
3066
5260
2882
3896
3765
3238
4005
1952
1491
1447
73
2397
4615
1636
1029
3792
1822
5252
5069
355
4961
5235
2196
607
4578
2398
3524
3021
1796
1419
1649
89
3176
5518
4638
392
4194
4892
3980
1102
3050
856
1000
3311
2769
1208
1505
4591
4330
5049
4867
5053
2407
495
5386
353
317
4023
2085
1712
2752
3041
238
1802
5951
1501
534
4596
3183
1512
3690
487
5148
65
1535
3726
5074
2491
2674
1111
4323
5086
4725
916
4496
3373
476
4829
1039
4061
1154
4172
4485
3564
1382
4042
1659
4492
5154
2256
5895
4522
98
4181
3395
2614
5319
3507
880
5925
4065
2315
2743
165
1026
1130
5348
2560
743
848
337
1205
3399
2409
4658
4188
5949
4827
5883
5460
2384
5300
3008
1172
2688
3731
16
1651
5698
2306
1513
711
451
5687
2584
1732
3181
3277
4209
3867
2469
4966
3162
3721
2224
2297
4778
1986
3756
1961
3487
5247
4017
4138
1037
771
3478
920
939
2200
5150
5265
351
4533
4309
4768
112
1241
3454
1254
2628
5305
1122
810
5404
5231
3101
5592
3344
4479
1621
2043
1274
2213
5377
5321
3599
4212
4931
2768
2954
4349
1834
2188
1835
1046
802
2711
5276
769
492
1144
2849
704
1373
1634
2734
1012
730
5817
106
4736
1113
2023
3145
2642
2358
29
4282
1449
4597
3924
5901
3049
3367
3421
3121
4054
88
5483
1923
1858
2
1767
518
369
3426
3239
2576
617
5841
2108
325
5326
3893
5727
2832
908
3063
4712
2251
5210
1280
678
3566
1251
2735
3785
5327
37
5797
82
3907
1025
3552
3780
3937
5498
1665
2767
1278
3759
979
2004
2632
3882
2356
3417
1267
2063
924
3047
823
1700
809
1971
2526
1044
5749
5009
433
4735
2281
3144
199
1099
4140
2982
4092
625
245
4991
5490
2626
1271
3274
5471
4789
1891
4249
4580
567
3133
3819
2807
5946
2129
4900
4482
5173
866
2686
2486
1912
5131
1960
1207
2880
3372
4234
2598
1230
2048
2036
2210
289
3045
1768
5083
946
3414
5898
5409
2559
2692
1250
5341
5693
5982
4356
5440
1769
1616
2083
3582
53
4142
1024
996
5836
2718
4727
798
3662
3838
3708
4241
3067
632
2220
2099
5868
5351
3491
4262
1136
3002
4504
2147
3030
2218
346
1683
1142
860
3636
3164
5114
1478
5390
3956
5622
3976
3863
4096
3835
4740
3691
8
1283
3778
2228
723
2905
884
5273
641
2131
400
686
5099
4266
2519
2638
3953
2443
2989
5360
1828
3397
2429
3934
5075
5391
2593
1360
1393
5699
1913
669
4324
3556
695
3273
4872
4929
4791
2351
4664
4404
717
5249
40
2547
2013
3682
512
3548
572
5283
4969
5033
5381
1001
5346
3571
1729
10
4733
2533
2404
5831
1650
4024
1493
842
5876
5316
2141
2630
4037
4062
2850
4296
2262
978
43
2173
1816
2749
1090
5045
1533
3894
566
2317
1759
5117
2826
4176
13
5365
3972
2078
4613
3319
2011
5112
5719
727
5398
5953
744
497
3517
5812
2763
4009
1600
2918
5267
386
592
5397
4874
4486
5018
4828
1568
4869
4327
4217
4320
4709
5514
2231
2509
5684
4198
5358
3590
4379
4300
2525
4095
4509
1867
2724
18
5152
4145
3253
1030
3248
4312
4047
4959
4273
231
415
2198
246
5067
1476
1642
2118
709
5541
4523
307
662
1581
1724
5796
2730
3898
5819
4405
4090
3746
4186
5928
300
31
4221
278
3120
1126
5728
668
5426
1227
4744
1959
3834
3638
4456
1301
2182
2040
320
1484
3217
782
3345
5912
523
3446
1316
1036
2758
2035
1394
3597
1079
4355
5832
2656
2800
3754
4365
4747
5780
2095
4692
2428
3692
4683
4446
243
3645
1027
2296
962
4988
3612
2684
1530
506
5073
954
5484
621
3418
3149
3094
3774
3203
5660
5110
4403
367
4696
2060
3833
3606
1682
4400
1598
5835
5718
1174
3351
240
2133
4316
2101
5591
3499
1240
2834
3225
2841
3398
1455
1699
4458
897
2074
3469
3693
1255
3747
2645
3150
4854
1555
3136
2271
3567
888
550
5733
1677
964
3945
3316
4149
4587
96
2172
4952
3061
365
163
184
1946
4016
1893
4294
4811
4888
312
494
3546
3846
927
1235
1366
2056
2149
4790
4210
5198
5837
4849
1763
1733
5907
636
2352
4375
557
5536
239
4290
1467
4332
2839
2369
5571
4918
3142
867
4421
7
3621
3824
1196
1895
2597
4785
768
1783
3764
1727
3110
5258
5829
4321
2895
1801
1086
1396
5515
1546
3791
1648
2605
2959
1884
363
5214
4738
4891
3739
4756
2164
4512
4254
1049
382
5164
582
5872
5434
3353
4750
5800
228
1191
3560
2773
4134
5899
1510
2436
2673
2179
4420
5864
2847
4622
3836
5955
3761
4317
2741
442
1805
4368
3082
3471
2197
5349
2236
1108
383
2153
2661
2568
598
4052
1177
2746
2019
1903
4250
3352
3807
2678
3085
1720
5933
2259
3474
5065
4419
3028
121
913
3357
2480
3154
192
298
2845
1098
3926
1182
4372
2689
2636
630
4777
5647
3326
333
5905
2461
4842
2929
4772
390
3658
2994
251
1592
3249
5789
3268
2225
3457
2123
5573
824
2715
3736
295
1515
2772
1336
5908
1686
1635
3468
1942
1815
5439
5886
3171
3814
2520
926
3966
4144
792
5268
5447
3113
1391
2080
1520
2696
1504
3119
1242
740
4540
2349
5078
4754
1095
4081
5038
4077
1979
403
5669
4155
3472
2419
757
2742
3400
4335
2697
3775
786
2740
2873
2625
1662
3360
3432
4783
5522
3404
2336
5625
2815
56
838
5350
3538
4352
5367
4082
5380
1198
2160
5473
3369
5927
3770
4283
3776
2505
3628
900
4193
5640
628
3641
1676
1335
1675
762
4590
1947
660
696
2325
4833
5383
1193
4442
2823
1070
2588
4516
71
5004
1886
505
526
4147
1055
135
2365
4027
4728
914
150
4333
5184
5063
3588
5822
2219
5215
1210
4601
3097
5315
4846
5124
5582
2616
357
2444
883
3826
837
4716
5924
5578
5372
482
3967
4821
4862
9
5561
2378
4700
2308
4396
4695
3579
1580
2985
580
4538
4239
4567
3251
4628
3673
5973
4905
4600
1870
4841
4118
2288
3389
928
3887
2840
2309
2950
5298
2900
2517
3818
1589
3580
5821
5690
999
45
4922
143
462
1217
1833
2499
5930
5917
1800
5658
3301
5881
4604
2802
1431
4667
5968
2797
5174
4576
1078
1327
3086
1318
1005
1860
5491
5314
3541
4397
5726
2780
5637
221
2624
5420
3820
190
2207
5227
3701
1914
1661
1526
3518
4694
5947
5740
967
1314
2851
4663
498
1882
2563
223
1813
4995
1879
2318
1047
2660
1294
5503
4898
5869
553
3930
2871
3078
5096
5387
1311
4843
198
3936
899
3234
1057
2061
5489
4921
3962
1544
549
2282
4581
5735
368
420
3266
532
1288
257
3637
5750
3779
3654
1736
5153
2291
4617
4665
894
1444
4315
4826
3680
3760
3328
5654
4834
1287
2411
1045
2300
458
1611
1604
1054
5604
5877
2704
3671
4980
1837
2542
618
2289
1524
3346
4358
1672
3428
2965
78
1567
3660
5176
4673
3053
3466
1320
50
594
5730
3297
2736
3989
1754
4125
1596
3876
3587
4263
3371
4307
5838
5975
2024
5442
2819
4801
3670
4165
5376
1889
1552
1823
865
5870
3196
3878
4553
2381
3054
4881
4864
3022
478
5906
21
5167
1578
3714
4721
4962
5678
4606
5195
2842
170
4279
2493
852
5328
3493
1457
438
864
5560
3717
2343
437
1338
649
3985
2789
1434
4260
531
3402
4651
3757
2754
4960
399
4438
3137
2144
4720
5911
2659
3288
4560
4380
4079
1528
503
4619
5887
611
5618
1888
5576
638
4329
3027
2148
510
5245
5932
339
606
5100
5029
1900
5001
2942
60
554
5354
5712
2564
1612
4731
3143
5196
682
2382
3954
4402
404
5107
5343
522
5611
4796
4919
5289
3563
5585
2714
2399
4814
1511
2695
164
5156
5202
5929
3525
1167
4099
2991
1629
2177
2538
2967
397
2257
5753
3668
3194
4832
5532
3405
1517
5286
673
3853
1897
5828
4218
1706
2557
2613
2955
795
1847
4714
2947
5181
3991
5138
3480
904
3235
2902
3694
2931
1934
4435
805
4083
126
3335
5495
4633
4965
1619
54
1817
236
1854
4609
2728
5375
3913
3056
3681
4920
716
4757
4850
311
4542
5554
2181
688
4287
4313
4350
4565
1123
1409
4413
2513
2456
1376
2835
209
2079
111
5809
5162
5255
101
3055
3439
3412
4682
460
5294
5978
1693
401
370
4182
2532
2046
3609
539
1368
3252
5493
5094
3589
4449
3695
5655
296
4383
4340
2764
2051
1148
3159
3310
5964
2059
2434
5423
3521
4986
3044
3442
1809
3910
5823
125
803
2889
4123
1400
3115
4520
5526
3434
3130
1257
732
5555
2091
5970
3048
2304
5193
2305
1688
2953
1100
1864
2619
166
2054
5234
3562
1262
1007
3553
1203
5649
5187
286
5827
3602
1812
4049
578
3813
139
1752
5329
3856
2012
5650
3019
555
4367
2110
4762
2705
1838
5095
5521
4644
3105
1892
1742
5271
1666
4739
5940
1613
1248
1067
2935
1384
5679
1654
3951
5866
4185
4593
212
3938
1836
1328
2438
2120
2852
2290
3037
5034
551
2685
4481
2515
4093
3318
144
2476
1006
1550
4809
1883
2681
5910
3386
4997
5847
3840
5729
2293
1785
5359
1998
4501
2312
1678
4303
1281
5474
330
1138
3958
4698
4899
3920
5607
3390
3336
5903
1760
232
3684
3126
5803
5084
182
2094
4956
3881
260
4786
63
677
5145
5068
1461
141
1918
1667
3859
1692
1175
3901
5893
3155
5954
352
274
2957
963
5825
1062
5757
3385
4680
4895
327
5415
2017
309
2904
5997
2237
3720
4204
4947
1117
2731
2552
5641
32
328
3083
687
2698
3607
530
263
2604
2385
5662
3317
440
1927
622
2680
2068
5338
5914
49
3723
3631
2279
3093
1492
76
1497
3014
2345
3147
5602
1377
4119
5441
5024
4304
1059
4072
4582
5942
417
5565
5505
408
5275
5626
2396
2132
3748
3698
3408
2169
1660
3685
4668
421
316
5742
623
2302
1929
2502
1206
5458
273
3595
1435
2879
5840
738
5990
583
2034
1527
4950
5
2215
759
1880
3844
3730
4393
124
1671
4007
520
605
1433
5704
2591
5188
160
1560
5551
4183
1033
3052
4654
4426
4573
4001
1092
4883
5716
67
2687
2934
288
68
3968
4487
5040
5950
2102
5747
2753
5140
4765
4524
1750
4284
655
3605
5452
2272
4552
4508
4044
1101
4875
4427
3116
2909
1969
2121
2788
4163
1771
2354
5547
2452
3476
5760
601
710
4588
3790
2126
3902
4483
5480
987
4934
5902
2496
2972
1427
3222
177
2635
4672
767
4229
511
2968
1508
3436
2192
4101
976
959
1195
3403
4541
4912
5421
5890
1539
4058
3593
915
3626
1990
468
1563
277
2927
4348
4448
4031
5974
5241
1789
3808
153
3600
4267
4444
2245
3006
1776
107
1922
3256
4670
3279
3153
5217
5264
2321
2154
972
2350
323
469
3806
2790
5035
2041
213
3020
2202
256
3675
3969
1549
1471
4539
4722
4985
1522
4503
4417
3283
574
4528
5172
3170
5340
3016
4414
2732
1342
3124
5621
4999
4916
2037
2701
2846
2548
3849
3939
1
3931
3059
3568
3209
2029
1506
5770
777
4470
4259
1861
5634
4555
4550
5324
5310
4941
3535
5988
2423
3635
2264
443
1453
3342
4945
28
2903
2241
2275
3877
3429
2107
1219
319
4168
1442
3411
4166
3573
5519
1179
388
4646
3490
4686
3735
4689
4830
1940
5782
2229
2047
4935
1349
3088
5158
3510
2913
3430
1956
424
2782
4705
1463
5752
4946
5834
2009
1064
4474
3911
3174
5610
1740
4769
5222
4354
3960
2389
2888
168
4178
283
5242
1673
5022
1378
4490
3191
161
1334
5417
4782
1588
2623
3697
681
2716
4461
4706
3848
4886
2388
175
3750
4299
3
4879
2067
2887
5464
2550
3955
4395
1583
5830
2825
1865
359
766
5466
1857
70
2331
4818
5768
633
5599
233
2195
1574
646
2093
2511
290
172
5596
2756
5605
113
3275
4084
3007
5481
563
2274
4774
955
1192
4030
4153
3873
5862
3355
4464
871
4546
489
5931
3570
845
5388
4554
4148
2470
1748
5370
4819
5787
2052
886
3667
3011
4812
5213
2395
4911
4684
1936
536
675
3167
2622
4840
4543
5097
2260
690
3362
4915
872
4978
1518
406
1851
5303
3990
5072
441
12
81
2072
1381
2951
4208
2010
4113
2683
1762
4815
4746
2370
5186
1576
5957
5979
3489
1436
1597
4038
3413
2561
5530
2252
3555
4199
5668
2455
1354
5720
680
3295
1910
2655
929
409
5021
5511
988
2993
2189
3842
5455
1602
1878
2620
4021
2050
4773
3581
663
1937
3784
1951
5058
4761
1302
3624
5813
5674
2113
5948
4370
3243
5430
2162
4468
5805
156
2512
1866
5774
2168
5295
5330
3845
5334
1388
2948
4314
3585
1284
3192
4473
4563
5900
5737
2136
3254
5619
3134
4197
4126
4480
588
2795
5814
5811
2877
5028
4510
4643
2357
1375
5754
1412
1016
5412
2155
1184
4853
1509
3809
2232
1625
4288
4177
5603
5030
2464
131
4318
925
568
1234
1586
2414
5767
2691
2609
1428
5373
362
841
4418
4412
1788
1618
3424
1877
4625
1531
5986
2667
3023
540
293
4202
449
2383
2324
4285
4595
3965
804
3516
5793
1418
5046
814
745
1275
1009
2896
4156
4275
2353
1532
986
1365
3851
5731
3042
2142
24
3381
145
1231
3453
5936
2400
2843
1008
2783
5467
3139
1653
3889
5133
1948
1238
2919
4984
5500
1150
5432
2666
4488
3710
4057
459
2342
1780
5259
5025
4748
581
423
5642
2128
2944
949
3742
5517
4987
3410
3532
1189
1359
4179
4718
4779
4203
3522
2373
3740
3128
5108
4795
4445
5410
1717
5714
1358
835
4388
1623
2637
3127
4751
485
2633
394
5523
4659
5540
4180
4813
3875
5403
3215
5732
2682
4954
2277
3306
3734
4477
4366
846
2401
4073
3161
3003
5317
2119
3850
4004
2298
2069
750
2590
3463
3544
5806
183
3841
5119
1610
4075
4787
5826
97
2779
3226
4319
1120
4117
3180
2738
1422
3207
4424
827
4441
3392
5926
808
1469
86
3738
5228
1709
3702
2776
3822
4951
5356
3497
3378
3847
3686
5436
4599
486
3178
1795
5081
1258
830
2344
1664
748
942
1599
4105
3197
5671
944
84
5801
1291
2038
463
820
2818
242
4074
552
1127
3473
1921
2145
1304
3793
1862
923
48
1747
3672
4068
2374
3190
4386
5762
541
3075
4112
4187
2922
5079
733
2860
5497
873
5194
868
5444
4346
64
969
3523
697
2932
5623
4369
3198
475
2910
2090
3502
973
4423
100
930
5002
5691
5475
1573
5435
2165
4326
1674
591
3458
4897
970
4060
5998
4800
374
2000
5773
1764
3229
4822
535
395
3363
51
4122
1245
667
2646
1703
821
19
4957
5537
5766
467
1429
2230
4399
3302
276
5631
1681
4244
683
1003
600
4702
5884
2376
4338
1178
4154
3763
2146
1161
1490
244
4767
3689
586
2923
2018
5180
5945
5384
2524
2066
2737
5617
870
215
3892
3744
1340
4949
138
5586
5109
713
4726
3210
4428
2973
5566
2583
1344
5205
3728
4106
211
2862
3970
4066
1017
4274
2449
1389
1722
5959
5606
3445
114
5296
590
5139
2618
3258
2393
5036
2634
2485
4289
5984
825
235
4568
1246
3837
4091
2924
3906
4734
3943
117
3247
1351
1153
4469
4255
613
2087
1554
1361
5794
2483
5277
2907
2566
4753
4293
1401
2649
1399
2363
4059
4697
1022
3117
2057
2248
3557
247
2096
635
5976
4589
15
3574
2368
4264
4238
5966
5459
2479
5594
533
2908
2430
4455
5462
936
2654
5563
2139
1967
5087
1276
4408
1831
2247
5453
133
853
1695
3786
1643
181
193
911
1944
3539
5233
5545
714
2778
589
4371
5301
61
3737
2163
3666
4577
5531
3017
843
5411
2064
956
702
3583
2543
5322
3623
1907
4855
1485
5170
1757
1919
3292
780
1325
1647
5661
4256
5852
4605
2193
5923
3975
3922
1034
2286
291
587
1197
3616
4771
4292
329
1264
3700
4039
577
3380
5288
445
1495
2340
4614
3596
4270
4252
3912
439
5863
2867
25
2495
2964
4008
151
689
3949
5026
1614
974
2027
5219
4551
991
862
3033
1950
4637
2364
5189
3368
2403
2915
1845
5802
4373
1702
3598
5725
3832
92
5860
2808
4889
4964
1996
4784
2339
3112
3528
5041
1226
5014
3665
935
1362
4025
5569
3216
1551
1939
2501
3387
2792
4246
3758
3146
208
2928
178
2757
546
134
3227
4621
5071
840
1277
1156
5266
4878
4775
2529
1190
3933
5507
4381
2726
2504
318
3270
828
2311
332
4475
3057
3189
931
775
5628
1053
4253
3281
5666
5379
1711
4894
1957
3994
5274
3452
3423
285
2803
2278
1105
879
1270
1164
2554
2015
869
1479
797
2536
2750
3485
933
91
4715
731
5113
4227
4861
4357
1751
4133
1244
1403
4904
17
3584
5706
2775
4103
3503
5017
2445
2759
791
4206
4723
971
2652
1945
281
4825
5543
2886
2211
4498
4766
1386
819
1716
4943
2962
2875
3741
2514
3255
4460
1536
3393
304
1824
4302
721
1954
2157
2599
1842
1020
3643
204
157
4472
5240
5944
340
3915
267
538
5256
5529
5513
2837
2671
1041
1622
2572
4823
4344
4713
1590
5292
961
3613
3244
1321
4425
3509
4688
5413
3880
2781
2223
5683
698
1097
921
1503
1023
5331
22
1826
1223
176
3107
4376
2171
3537
1173
2920
453
324
5429
5615
2030
2534
4557
2361
3866
5142
1116
5438
1786
1572
5765
4743
94
1571
3659
2978
579
5135
3550
402
3331
1437
1056
3401
3561
4331
42
5463
1820
5345
4272
366
2258
5159
201
765
259
1713
4896
4015
2005
1402
2498
816
3312
4322
5175
2191
2870
1374
2885
1657
338
1364
4820
3677
1200
3627
3438
2651
3356
5989
5996
5130
2285
3206
5736
1204
4527
537
2268
4561
1556
857
3625
4575
380
4634
3157
1562
4816
102
3650
4890
671
1516
4914
1687
303
2310
4124
3725
2570
2472
4087
3350
4603
5143
645
593
5509
2287
3608
344
4036
5488
4301
1755
5031
839
187
3456
1585
1694
1065
4745
5465
5032
3908
4583
906
1296
3794
1232
953
5216
3026
3185
3921
3272
5918
5859
2969
5882
5874
4230
3787
790
4982
2801
5799
2492
508
1928
4598
2621
5433
5686
4433
5307
361
1299
230
5163
234
5052
2450
5278
5915
1074
1031
1071
2700
1545
3718
4693
2975
2567
1584
2640
1569
3891
4797
4353
966
280
1772
3118
3652
4804
480
4310
1407
1129
3108
1670
5122
1459
718
1537
1456
2516
1494
3296
2960
3218
922
2242
626
1840
1641
950
2130
1077
3211
2958
1565
3406
4097
1131
1955
2473
5263
4231
2266
5039
640
5312
5486
940
4544
981
3166
4056
747
5938
4136
379
1118
5583
2579
1107
2820
4308
1938
2890
5775
1337
2111
2897
2418
2641
428
737
4868
1980
5451
4632
3359
5190
2058
5572
1825
3732
4339
676
4476
1514
4215
301
3168
3979
614
2240
3479
2565
4245
1215
207
807
1680
2332
2822
4195
5129
4337
3322
2424
59
5909
5127
5141
3482
3005
1180
4452
4909
4925
1814
2573
2770
412
3971
3077
3565
4115
3858
103
657
789
2073
833
3188
5657
4071
2008
5856
585
2458
4102
2465
130
965
4798
2507
5854
4507
2804
1631
3140
4497
1995
5574
5090
4191
1852
3175
454
2528
3132
2346
715
5939
5209
5958
1345
5589
4459
58
1873
5297
5121
4513
4243
5369
5037
1869
5185
4729
3798
371
5085
2721
5082
2643
831
3000
108
4311
2809
3051
3768
4028
2322
2751
1331
1958
4548
1272
5878
5335
3629
3496
262
2415
3135
3978
4669
3338
2151
3664
1908
1547
2608
1233
4836
1685
1697
5200
2216
3383
5285
1482
3220
3722
2239
44
385
1911
1827
378
3106
1633
2848
461
3799
396
306
4666
191
1502
3940
1307
5920
4994
3034
4851
2872
5165
1014
158
2307
4708
104
1035
2833
1155
3102
5746
3358
5614
4161
2791
3821
2208
422
1807
136
2105
2669
5639
1352
1408
2844
5965
998
2494
3987
3100
4450
5873
3459
1483
2292
631
1601
5542
1973
4704
473
2426
483
3158
4570
1553
5624
2205
1707
4453
1229
779
4571
1730
5818
2348
829
3329
3586
2771
2116
4033
527
834
5011
5337
3679
4152
2330
2503
1849
3415
2836
5769
2109
1811
2044
4831
3031
5844
1644
1726
1603
2201
4251
724
5885
2265
5201
558
1714
4232
119
1018
4465
3441
514
2648
5047
377
1798
3766
4642
4963
1305
1125
5588
5708
4649
3576
2518
3349
2974
2786
186
3998
3242
3152
1170
4407
5785
1133
431
1863
4926
5106
3123
47
1474
3250
2581
5250
3823
3883
5371
627
4759
4572
2020
2249
764
99
2226
861
152
3995
5352
4422
4343
2435
739
3843
5512
5580
1002
712
5850
5160
3885
3230
2410
4996
1558
3817
1587
5824
2979
4863
2355
878
3801
1529
4973
1521
951
2433
2574
654
466
2377
2062
4502
813
1481
4162
5199
2650
4532
5748
672
629
4325
3324
5692
1465
728
1308
3300
1356
1468
1731
5630
609
3313
1128
4569
788
5581
3271
5408
3039
1426
3069
1312
3816
1525
509
2575
1609
3187
4013
2380
3715
2858
5144
4521
1158
5299
5815
470
5553
3079
3199
2869
358
5763
1221
4981
5843
1953
1163
1333
770
3259
5595
4020
3379
513
1718
2810
952
3032
2594
5161
4857
4169
542
3388
2606
5116
2777
2212
3961
4043
1114
5548
4976
5206
1591
3156
3646
3986
5846
3431
5132
3462
1975
3514
4237
2152
610
4011
1500
1566
3543
1943
3435
3280
1346
322
1976
3182
3375
249
5320
3529
643
5755
734
3512
2387
1689
1286
3422
3797
3303
5741
659
595
5880
1761
5092
516
1626
5713
5633
4150
3325
4817
5280
4345
5904
2941
195
719
4531
2717
2255
2180
1841
1081
1293
4837
1247
4907
634
2106
889
1239
4361
1859
4866
5892
5146
5559
5494
4545
1038
938
5226
5027
2053
110
4848
3805
2544
2244
3208
3370
2333
1579
1058
1220
3294
282
3095
1263
5446
5501
5406
2813
1052
3179
4847
3064
3184
5230
2466
313
2371
4276
5272
3796
1472
501
4035
4257
75
2607
1317
4070
4839
863
3071
2006
5897
69
226
1739
5858
3909
3651
5450
36
2448
564
3947
754
148
1392
1930
1146
2595
2392
521
2977
3073
418
5044
5983
1186
556
391
515
1132
1209
4378
4363
1042
4511
2523
517
4019
3460
3905
2143
1080
753
2406
5008
2425
615
1147
205
4938
3839
1222
1829
1872
4129
2175
1595
4360
1542
2359
4517
2100
4265
2811
4652
4529
1997
3084
2898
543
1199
3519
1211
1448
5003
4989
2082
3231
1898
4351
2986
2028
2662
1464
3526
2945
1932
3904
3315
5366
1966
4923
1906
2158
1313
349
2949
781
2537
14
2755
2319
499
1620
200
171
4579
4305
5659
960
4022
3287
3630
756
5456
815
5781
3341
5758
2921
1881
5667
3688
5786
3289
5064
4676
4749
2071
3642
4710
5656
5136
3010
2065
5849
2639
4620
3391
3407
746
432
3290
2863
5192
3872
1370
5077
1965
2794
5601
670
2899
1905
2857
761
5007
3163
1475
2471
471
2722
413
4220
345
1949
2710
3712
5342
1159
5798
5960
5392
544
2134
1110
2739
2437
4235
2530
219
1784
4944
5855
1992
2906
896
5251
464
1300
2569
456
1084
3498
1324
2451
2577
3012
3470
2086
1323
1169
882
3076
5680
2366
2865
5875
2022
562
2679
4936
3674
3716
3440
5616
2926
5677
2135
3854
1237
774
3755
4549
5525
3122
1285
1874
1868
5710
2963
5665
3973
1181
1145
4859
479
5378
2970
4347
1538
4661
1269
227
3545
270
229
4050
4764
447
5468
832
2227
2190
2283
5020
4657
465
4703
1507
1981
2031
707
1856
1924
5567
5282
4280
5013
429
2416
3795
1839
2930
4167
637
3087
1268
4993
5248
85
3125
4137
5703
3534
4937
1770
5956
5457
299
5520
3897
41
4190
674
3944
1290
3148
993
5405
1832
3919
1063
4852
644
5695
4968
3074
4384
3696
5562
5681
1904
83
4910
162
1462
1728
1028
4157
3286
5461
679
1582
1793
5552
3043
4359
343
5395
1166
1411
5963
1627
5496
1424
1306
2665
1715
5229
5054
1487
5935
2510
4970
2611
1756
4297
4585
1160
2390
4478
3284
5771
3339
1068
2112
4530
5207
5510
4010
5454
2998
5080
3013
741
5357
4794
3669
1749
3448
5889
5608
105
5478
1901
891
5778
3282
5361
3575
5237
4281
4171
2394
2672
3508
5000
4466
2167
376
1096
4880
1466
720
3871
4675
5937
2987
1974
1721
2546
214
1452
3753
4998
253
3291
1253
4913
4535
1460
616
5055
1061
5839
1091
4078
305
2600
1112
4110
450
5183
4225
372
3212
5308
4645
992
4223
851
3323
4717
5134
1379
5810
1655
1032
1069
2039
1606
3549
656
2487
5646
5538
411
1432
3160
545
4602
2992
2937
3299
1329
4564
691
4755
874
1298
666
977
2571
128
5533
2785
2077
5584
477
5015
1488
1496
5697
1855
4824
5385
1265
4681
434
3029
4792
1988
3096
3783
4639
548
3309
4953
1663
2440
284
3515
948
3202
3090
46
1875
1441
3099
4990
3004
5653
2911
2379
812
115
3540
2372
1050
2235
849
2124
1446
5652
5089
2881
4434
3653
2049
783
5643
3494
169
3382
1684
4131
1777
934
5120
5057
3228
1143
980
1236
2612
3396
5418
2338
5062
2447
2421
2541
2814
155
4394
4261
3927
658
1778
387
4835
5777
726
2478
4463
3103
5723
1315
3186
5995
2983
3982
1753
77
2221
5792
4431
4069
0
2981
5091
90
3040
596
1051
5648
932
2793
1710
3481
4626
502
2474
5549
1646
1282
1454
1548
3977
2966
1543
2855
5005
5894
3065
2021
3332
1390
2578
918
5059
2676
4240
218
1187
4385
493
3025
5632
146
4860
3713
2209
4648
3542
2943
2463
3205
1087
5609
5598
5238
1473
5987
1615
2766
5756
1652
292
5600
4927
3810
1705
1691
2747
3024
5842
3996
5751
5400
1413
3874
2156
3855
3262
4514
1637
360
799
5393
6
4391
4063
4808
197
1704
5023
4415
310
5745
4662
729
1212
2952
5325
787
2817
2744
4175
287
5191
1202
4870
2831
93
2980
4631
87
1168
4
1696
784
1876
5485
902
3865
4012
1630
2540
5111
3811
4575
1352
2932
2428
2766
1821
47
3828
5586
3190
654
3661
4809
2593
5186
1956
2312
42
3263
594
1562
2765
5824
1640
4751
1385
3377
3556
3858
4924
5664
2708
2682
618
3050
2294
1596
4443
1223
20
1887
1059
2838
3822
2266
1902
5002
2279
887
3573
1714
5807
1483
4774
4377
1742
885
5565
1886
1198
2866
3470
2712
612
2313
4842
5852
130
729
3491
1496
3776
1321
4460
870
5324
419
4152
1650
4696
5850
3681
574
719
2758
2326
3061
5259
637
1110
2673
269
1370
3752
5222
3008
5633
1028
13
1178
359
3115
732
2818
5240
196
4204
2693
3016
2393
941
3681
5350
3019
4702
2820
2836
1871
4004
1571
1341
4490
1576
4687
2356
556
4631
2259
3302
1783
5421
2094
2854
5848
1098
3624
1799
437
5947
4840
4712
1819
5856
3478
1988
5837
5491
4195
4434
3582
5451
1046
926
4164
1567
4164
4197
2955
1563
995
1220
717
3736
1778
2362
1495
1517
5643
686
3038
3926
4210
2714
2999
1120
226
292
2687
2942
5432
11
1241
5459
2595
575
4828
1448
1982
692
4735
4527
3918
5603
4804
433
5355
424
2888
5793
1833
2070
986
1231
5652
5481
1008
5416
508
4270
3149
2654
1408
5706
2951
2054
4697
4210
5716
2168
660
1521
4218
5535
2134
1961
1149
457
2610
992
2770
3910
1487
3059
1953
2537
3144
943
4000
2598
5476
1773
2384
1019
553
1318
5321
3026
1753
1398
5155
3651
3996
871
1663
4643
691
3918
2533
1662
5810
1588
489
5119
167
3836
4810
1150
815
4033
277
4565
4884
2929
2967
3033
101
3216
4270
5033
3332
501
2403
3272
3828
555
504
5871
5917
3938
4556
5856
542
2849
102
2225
373
4357
3045
4135
2633
863
3453
2057
4629
1125
2936
4979
5199
5758
779
1504
3743
3643
3006
1652
1974
2188
402
2196
2391
501
4194
3319
825
1886
1524
2618
200
2046
5221
3559
4465
184
3802
1137
3588
389
1896
525
4922
4845
2895
5547
4902
426
2585
529
5583
2763
4163
5123
3160
2605
1727
3158
216
4180
4926
3031
3673
3369
1510
5141
539
5368
1126
5569
903
4372
4247
2047
4911
210
1334
1631
5105
5985
3812
4796
5293
2371
5223
76
766
82
3097
3156
2217
1973
572
845
2685
4088
2723
3490
4544
719
2181
628
1192
1365
1946
3539
103
4880
2679
287
2072
3988
4635
4062
485
2490
5742
1105
3621
681
2646
4059
1262
3148
2468
4066
225
4806
106
878
3290
1965
673
3562
2494
3016
3708
3409
2486
2642
5380
1720
2194
4144
1211
5245
1783
1415
2308
1845
399
4548
3931
4592
5920
5249
4659
4080
79
5849
1246
1769
177
4657
2736
2837
4493
2628
1936
1354
2744
689
2129
2232
1382
1504
962
2282
549
2611
5003
5964
3890
197
4164
4695
3905
1070
4180
5350
2223
3291
5604
4390
2074
2730
40
4776
1226
5340
3821
2238
2879
5076
5321
42
1807
3098
1173
3620
1612
2555
2399
1480
3999
5491
3813
369
280
1371
3103
488
5689
3267
2530
3219
4686
2959
5073
1738
4281
3439
4801
1817
1335
4480
1253
3050
340
3304
2764
4139
1458
1810
203
5238
5478
2618
4226
696
637
1585
2450
2247
2044
4522
4618
4967
4742
2713
5051
4850
5632
4554
5548
1632
5771
636
65
4517
462
1011
209
1985
5178
608
5590
468
4193
413
1360
4662
3724
1283
4293
3834
3621
3360
3432
3816
1157
5764
730
4746
2678
4302
4453
3116
2761
2592
84
1301
4438
5934
294
4322
669
4747
5
790
4494
3878
4671
4553
4507
4709
3016
5504
4256
2688
4346
4511
1850
5668
2762
1588
5101
3892
5096
563
3584
3454
1821
2504
2111
4380
4788
421
2566
3483
3450
1407
2605
2139
665
396
5127
830
3775
3265
1215
4373
1666
5930
3577
983
4773
3504
1669
1035
4563
3533
1129
1872
235
5032
2353
335
5205
1305
4135
3669
3156
2501
1026
1576
2162
1406
259
1742
5200
5085
1751
3341
2626
15
1497
3776
4950
848
1826
2966
4281
3650
3241
4133
1969
1839
2412
3626
2871
4719
524
2223
2905
241
1770
5143
3809
523
3937
4426
3875
262
2655
4335
3907
4993
5419
1604
3658
1957
4060
136
5727
2534
1203
5733
129
2620
1024
35
894
4072
3854
1472
5389
2252
1713
14
2132
4420
4416
1462
4153
31
1921
2550
1202
4810
1352
4421
2905
1027
1764
3254
2473
4052
76
967
2279
2651
1397
5994
3355
4342
2079
162
5373
812
302
3213
5525
1704
3680
3764
3324
4071
1154
3349
5958
1898
141
2421
1255
936
993
3863
4920
3900
2435
3282
235
4775
4045
2199
3215
3860
3299
4742
2287
2369
2657
4189
3479
4789
5252
4934
3559
3250
1353
5499
1375
5978
4063
297
3011
1304
5656
1296
2887
5256
3927
3565
2875
4201
3178
1363
5270
3154
4846
1740
317
1607
4722
4152
4197
5293
1771
1685
1593
3869
1824
4729
569
1609
182
752
3087
4551
5093
929
2884
643
743
4201
5270
237
3673
4610
5535
3959
151
4942
4406
1686
4474
1307
5222
2045
1908
253
3800
3724
1791
1382
3996
2391
1667
47
5431
495
1294
5008
355
3515
1817
1788
5536
5677
1007
5059
3919
4374
353
791
2136
1110
4455
2956
538
2111
4020
1110
1809
1674
4276
3104
1707
1914
730
5579
4055
5716
3647
382
1393
151
1050
3884
1296
1111
4220
2853
899
261
3927
1885
2634
1566
1275
5785
5464
2089
1692
5910
268
1949
3269
5283
3452
1536
1610
553
2491
173
1853
5737
4354
4239
3505
240
615
1356
1403
3500
2259
512
761
4913
1452
2375
3037
3981
2116
5025
2688
5528
5045
1510
2313
5535
5282
648
4235
4573
2191
4081
3516
261
3126
2456
5243
5877
4569
1063
3907
5941
5961
1030
1818
4819
1119
2636
1526
26
1053
5932
1957
5347
5949
2922
3136
1249
4402
2409
1736
3145
638
3255
1361
4956
4740
1727
4847
3264
3891
1227
5949
689
343
3266
3470
3911
2613
4026
146
3719
139
5683
5742
2202
2016
3254
5798
2758
5082
1791
721
3618
4994
4871
3586
3735
3387
1477
1575
1033
2522
581
4413
4613
2559
4804
3298
3937
3714
3480
4771
5208
5977
1226
3095
2910
3542
2909
1930
3290
5061
655
5741
3638
2316
1640
767
5020
1844
1144
4404
5872
3128
827
1679
5164
4366
3929
2554
2161
5499
4335
5231
315
4827
4388
1229
1591
3641
1958
4019
1512
5056
5345
4504
3675
2853
5093
3559
566
3553
44
3944
3121
3397
4036
3161
5299
435
5565
4821
4687
3661
3857
3372
5100
2836
1782
5932
467
2688
5020
1579
3165
4374
3268
58
4121
5731
1357
4048
3328
1885
3260
85
5267
3002
3079
2528
2461
3504
3269
3735
2534
963
2426
1793
4886
5873
1523
3930
1961
1850
574
3212
1431
412
3435
661
2559
1370
4407
5194
1359
1924
4672
532
3992
5290
1587
1155
2499
5751
4658
4183
2861
1587
472
1359
4701
1438
4998
3238
3794
3275
4108
3040
4968
2032
2087
2928
5022
5764
2337
4630
1282
2012
605
2654
879
2685
491
5096
900
3999
4170
3266
4013
4558
5718
815
8
5168
1828
3994
2532
260
4387
1518
4176
5230
1986
3751
3206
780
5515
3710
5890
3511
943
4897
700
2509
3349
830
2197
307
5253
5071
1817
5476
3271
5581
864
1750
1967
1655
5515
1452
3364
5653
1730
1323
1278
535
2394
1656
5588
1087
2586
4391
3864
4665
1461
5931
655
698
247
636
5798
978
3595
3320
486
4818
4999
3462
2176
1418
1003
3995
2935
2259
1552
1833
5524
730
3081
3767
2120
2996
2866
4807
2496
3063
5799
1438
2102
2824
2152
5152
4986
4904
4320
1057
3292
4649
1880
4474
4773
2578
1494
4765
1918
5927
4536
775
2176
5701
2365
4995
292
5130
1023
3603
2476
4959
1579
864
1904
3559
2095
5794
1751
3768
4339
3835
381
5400
5957
3284
5674
2742
4286
1003
1284
1151
2386
3191
339
851
5324
1773
4644
4090
4983
5300
258
1151
2606
1585
2661
2474
5422
5388
1134
2246
5360
5327
510
1608
5680
5858
101
3251
1831
3784
316
2932
2217
2672
213
2871
4281
2240
276
2236
1817
4288
2005
3359
2533
42
4198
1693
1854
5592
5851
5561
249
2522
5428
4076
1002
1495
1911
4415
3864
1407
5482
5217
2686
5995
5040
4829
1772
4900
622
4972
1065
2438
1754
4650
4085
954
2008
2220
3405
4258
4235
1501
5971
4688
481
2466
2012
646
3754
5000
5081
704
5743
4496
80
821
1107
4377
3949
325
3249
2330
3700
984
3764
1310
1240
2514
2402
5563
3756
2052
5141
4153
1827
3327
1700
4672
5994
1230
3713
4460
5304
2235
211
3256
1408
4833
5380
1505
121
5811
411
2478
5714
1170
4318
4992
2513
5244
4335
4178
4450
3362
3768
1428
4098
109
4550
3299
2997
318
1546
2095
5424
4453
3361
2168
4850
1861
720
4686
5998
802
1460
5908
2549
10
4708
4169
3377
5546
4624
714
2127
37
4558
3227
5889
1098
3532
2126
2972
2294
3215
2917
3904
1122
1660
1680
4034
4458
924
712
1773
4326
5424
1224
2610
4953
5000
4874
1836
4620
92
4553
2451
2792
1789
4374
5427
3153
2323
2598
4807
2284
3475
1736
1397
5959
1299
5105
3628
5906
3006
4807
2600
1130
1089
4284
915
3235
2068
4794
1256
1377
1113
5490
2274
1325
3246
4521
3951
2754
3133
5914
5883
4830
3385
3484
4882
5078
13
2214
1137
2628
737
3081
2196
3508
1230
5037
4448
3253
5612
242
2187
2744
1001
2810
5139
346
4836
5174
5734
2200
2938
2357
3754
4344
4566
1700
2100
2166
5300
2607
4089
4726
4592
3363
1793
2309
2077
1143
5639
120
469
5127
330
604
595
1168
1989
5727
3947
3728
5516
879
4006
2695
22
5340
1021
23
1951
1082
484
4959
3745
4471
77
3300
2872
1848
4943
168
5149
1934
4744
3325
4161
3479
1119
281
2291
3368
1754
5842
4919
2180
5867
1441
1009
5191
3568
3530
558
3240
856
5508
529
3011
2962
1035
3889
3688
1004
4287
1411
4991
844
2369
1478
3346
2914
2640
4337
2976
4861
2994
4161
5180
1494
5954
2442
627
2309
2145
1352
4916
4738
4483
3027
5003
4195
689
895
2748
2328
4912
3688
4357
723
5969
613
4652
2530
3176
2967
5326
819
661
3018
4019
4077
3111
331
166
2355
2006
5437
928
646
439
4801
2513
786
5222
3907
3975
1859
308
597
4804
349
111
1501
5928
3138
640
1734
4111
5080
4880
1478
738
4249
5090
4657
5245
314
972
1942
4026
2437
3584
396
5503
50
4069
5991
5170
5066
2343
5566
118
3466
1289
5471
1455
4655
4172
4669
3540
1977
4065
286
1255
2288
4444
237
2066
5737
2551
1839
1891
2381
4614
105
1542
1591
3659
4843
3982
461
3718
5806
2326
5407
3913
2659
428
4880
4361
2712
4225
2947
4039
5047
1142
5284
5773
3932
5073
174
599
2863
2044
5714
785
4392
1739
3449
5803
323
543
3036
3874
3608
1259
1064
796
379
586
5097
5399
5379
503
4597
440
3792
4499
1226
933
4861
4213
2151
1063
4000
112
3326
869
953
4585
4716
210
563
4284
1501
2964
2866
3189
377
787
5994
3340
2873
2858
3322
5714
2586
5961
3139
3532
4598
5176
2265
3450
3400
2490
4609
2552
395
2661
1599
1270
1702
4073
4911
1921
54
1464
5421
39
2872
3788
354
563
5479
1818
5785
3443
1509
1488
1732
1351
1727
3400
2496
2380
413
5447
1223
5399
4743
3256
373
2842
1653
15
5203
5301
366
5614
4957
3089
1878
2712
2600
3622
1396
3893
4216
5331
965
4551
1137
5427
2679
2127
3512
5845
4664
4252
3960
3923
141
637
4862
3231
4066
5084
2514
4876
3539
5653
2048
3473
827
1416
4803
1338
2154
4667
3767
2841
1394
186
4992
687
5018
5337
3039
3747
1814
5849
8
494
1755
2003
4744
5150
5244
2908
4209
5008
2339
4212
5926
766
4749
1117
2838
2334
560
5139
2271
1092
952
5056
3446
3518
2145
2446
5518
2482
1366
877
1822
2567
330
973
996
5176
5001
2371
3654
2664
2695
4385
5410
5794
1386
762
354
666
3872
3730
363
297
1035
2530
785
2796
3548
82
3035
5940
115
3370
1641
3434
3480
2520
2453
5746
2819
5245
4527
5391
2342
280
443
1130
610
3265
556
3789
2139
1576
5382
5648
2009
422
859
4334
675
831
564
4327
3118
3021
4406
481
538
2126
4231
5367
740
4903
5664
3225
2319
2221
3609
681
5360
1934
743
801
1180
1532
3714
4706
860
2063
3103
3535
5083
2865
2314
1956
616
3868
5821
5718
430
2397
256
1938
1244
5318
4980
818
2454
5372
487
4004
681
4501
5196
4446
2668
5146
1212
696
2555
1941
762
514
3909
2159
4677
2570
4180
2029
5480
1573
2133
1386
4922
5455
825
4293
5055
4447
1395
824
2034
5847
4658
3346
426
61
4517
5731
3245
3575
1761
1652
2118
5732
3889
1600
5213
2503
5768
2073
1438
4132
5546
597
394
1602
2142
1383
5053
53
2587
4669
5384
4011
3679
2007
1216
4638
214
5013
265
494
2849
1092
1703
803
3971
3367
8
2519
4536
3576
3609
3055
5251
3468
4678
4464
2633
4260
5347
5808
4673
1164
1052
1905
4467
2231
3478
997
3278
876
5791
2202
1967
2850
199
3399
2611
1189
4790
4415
3491
4649
5164
2405
4204
5788
2168
1606
1658
692
784
1765
2240
5695
1567
1251
3227
2515
4140
4700
3004
4273
3834
5154
5200
708
2077
4030
844
4194
2349
4296
726
5578
1768
1359
2382
3148
3348
1131
1453
2501
2974
5483
270
2427
111
1908
2668
3191
1360
448
1861
3758
3657
5080
4005
5563
680
2330
2680
5635
1341
2682
1926
3242
3724
2536
1640
2744
3006
1833
4368
3540
2337
2431
3111
2917
2661
3073
4532
884
1153
3167
1502
4792
4389
1828
4562
136
3193
1629
1216
4144
4514
1035
5956
3632
3604
2892
3287
3643
4995
3389
1766
5020
1377
4802
2122
2611
5026
232
166
3596
1848
5831
555
483
1027
5912
5975
725
2876
3313
731
443
659
1390
105
4518
1426
3947
3705
2861
3695
3076
2105
793
1767
5303
4208
636
3991
4754
2227
340
5311
1834
4917
142
3705
1033
5715
1926
5000
5897
78
5329
2802
723
5746
2525
5790
663
1919
5665
2013
627
2876
5298
5543
4900
5323
925
1404
2454
2781
1710
1436
5701
3040
3320
5525
3048
5669
260
2802
1030
358
4160
4650
2300
18
1333
4635
2731
4748
3354
20
5590
1049
694
76
4028
4417
4850
267
3984
4103
5169
1539
1479
4318
5704
5034
1181
918
1861
4545
5311
3593
2155
5474
879
1049
168
3186
5999
3532
3935
626
4616
3114
1946
4244
3152
1352
3792
144
2477
2751
5669
5176
3485
4023
3481
2745
1394
4675
5942
3365
5841
780
5066
2119
1807
2838
3348
2731
318
3648
3083
1154
2489
5035
2746
1742
14
208
5928
2606
3433
4449
1126
604
3247
2546
492
4677
2132
4961
5280
3446
5267
1649
2006
2591
5537
5605
4569
1606
2254
4422
2826
1539
2605
4884
454
4558
4489
5307
3015
1989
2353
2918
4373
1993
5267
2034
5499
1123
2123
5566
5723
3533
2170
3043
328
252
5921
4316
3400
2789
4098
2806
702
3345
344
2161
1464
4809
1241
4029
2676
2923
2512
601
4200
89
2751
4584
433
5703
3204
2826
252
495
1468
5786
1128
3514
2769
4821
4185
4041
333
3878
3260
3524
3529
2575
2182
2467
2442
4205
1738
2335
2636
5162
2545
2285
1344
578
722
3678
1837
3179
1861
1956
1057
5405
5914
3591
3121
1393
5811
2363
741
2701
940
3073
2324
1319
633
208
3161
2566
5486
1972
2026
1403
569
2395
351
3900
3311
4974
4076
4917
5249
3754
2022
5913
412
2374
4549
3493
5058
554
1682
1323
3391
795
463
1676
1167
1813
1021
3005
5166
3173
2235
1367
3635
2482
2497
1677
3352
5681
2514
5376
2955
5974
3133
5742
3447
5067
1791
1989
1702
4829
1668
1085
764
5360
981
1368
3521
187
2293
4829
3107
5879
5095
2408
3701
5528
690
3357
3056
3473
2948
496
1523
3193
2632
2074
1490
4430
5338
4179
3218
3602
629
5184
27
2306
1614
3684
3153
437
1433
1232
3178
2339
2732
884
4556
470
2026
4267
4847
2182
2257
3250
4108
738
1592
2751
3561
5499
5517
17
5778
1092
4229
4944
5177
4604
4072
1587
3008
4857
2425
1875
2758
4622
861
4377
2765
5867
924
279
5500
5324
1506
3549
1593
1673
5311
3114
3578
98
5717
3024
3210
2228
3871
2592
4236
5507
2021
1640
4844
1300
5700
4964
3899
4035
117
4764
2948
3320
1244
2975
2612
2467
861
1791
4960
2012
3574
460
1367
4492
3373
1025
4761
4786
1867
232
2566
2101
99
2056
1464
2321
2680
473
5192
2995
4238
1340
4838
3920
4484
5029
3902
1598
1981
5448
2442
386
603
2535
5429
4611
3487
3394
2446
3698
3817
1152
2658
499
4627
5388
1016
3359
2203
4291
5679
3040
830
220
1461
3066
374
540
1066
497
1623
4271
902
5962
3330
1326
2521
1470
1558
3597
4973
2278
5813
4110
5666
1304
2476
3366
3457
2737
186
4690
2775
2593
3481
5427
4297
4616
5893
1573
1002
380
5211
3354
661
445
810
4265
2407
3565
4903
1640
4967
751
5986
2503
680
4602
2153
330
3167
3497
122
4805
4685
4727
1061
631
2866
540
1808
428
4163
1233
662
4827
2141
5964
3831
2888
779
5854
5761
731
2681
3181
4637
5340
3736
4034
4070
5451
4089
4359
151
2036
147
2367
2783
5630
3204
4208
4879
1688
3989
632
2829
3511
5603
2885
3555
5549
750
2741
2401
4273
212
1413
3699
2024
2723
2448
129
2238
254
4536
683
1573
2019
773
5355
3896
926
1281
2819
1071
5325
3328
5538
3673
3402
1903
1674
3579
5782
2783
5072
4449
2580
5582
2368
1834
5371
95
3537
2507
3314
1947
2956
5335
4605
1073
3605
155
1384
1383
1834
2914
2672
593
4120
3860
5480
570
32
1090
4531
5261
4704
4816
5303
4547
3227
3440
1405
1141
3407
4917
4584
5947
2843
5715
2295
4794
2589
704
3170
2399
2389
2403
1515
5978
1775
957
3836
56
5943
4931
3414
1212
204
204
4707
728
2912
3321
4052
247
1725
5947
4006
2981
106
1565
5201
1545
2880
3404
5108
3320
5555
821
4153
2384
2
2376
4631
673
1157
5160
4966
2442
342
874
2981
2350
2468
534
642
2451
3785
5003
3372
2568
428
4476
4036
3842
3545
2837
3243
114
4795
1897
1506
141
3840
5223
2774
5663
4380
2453
2611
4389
1488
4107
5893
466
3604
141
3250
2430
284
3053
1530
4128
2620
220
1832
2640
3771
5202
4545
4580
1517
3195
1902
1016
4894
1914
3199
347
3593
2113
3864
1068
2661
4372
4869
5368
955
3394
4582
801
5657
3497
4367
3754
1472
1202
776
5526
3216
5968
4608
72
4461
4233
3704
4524
551
1083
919
3668
758
840
1893
909
264
3297
2359
609
4456
1686
3896
609
5980
455
86
1356
4462
2092
2345
2215
2070
2981
5827
4011
3309
5372
1995
3696
3675
3584
3233
682
1321
5549
1894
2954
3465
2884
1041
1301
4748
4027
5465
4546
2605
3577
3655
3006
3912
1472
5749
4481
1788
2964
4820
316
1953
3122
55
942
140
2270
3223
5414
5025
4510
539
5483
2097
3885
1303
2613
4326
825
1102
3377
174
1280
1946
5715
5238
4727
682
3013
69
1702
3174
1305
5826
1256
2272
2109
3534
541
4940
4419
3458
3962
2283
2552
4274
2279
1824
5325
4237
2205
2137
5758
3223
5361
5492
3704
547
479
3517
4796
5138
84
4705
3006
381
2588
4885
2536
5646
4638
3534
3589
470
4485
1437
689
5675
4634
3455
5826
1699
1892
1533
5148
2172
1503
3210
4882
5356
3357
2479
3776
1713
252
1549
4947
3918
5018
3959
3241
5830
301
3025
1345
3309
470
4979
2647
2392
2107
1488
2674
5228
2249
2929
3111
676
1284
2988
3125
2474
1669
3172
453
2080
4864
2788
1274
2533
5788
1928
1108
5014
663
1459
2779
2593
5432
2337
2455
2097
3490
4158
3361
5877
5087
1891
3983
623
4804
2190
3108
5291
4451
92
4807
2656
4301
5847
3015
5525
4728
3133
926
1942
2654
1282
1754
5392
4633
1040
1714
791
2315
3657
3970
5941
4828
3973
3922
4097
4076
2548
4864
529
3689
4220
5723
2399
4389
5611
1753
661
4553
1938
1209
1387
5123
5092
1625
440
4962
3339
2373
2480
22
3676
2824
2633
2730
336
1109
2112
2877
2899
2729
2492
2663
925
3859
1795
4931
426
4816
1448
3915
2196
697
1555
5655
1763
3762
1873
4903
2591
2575
4208
1804
4786
2573
3851
888
780
3023
1756
5372
3916
3649
2194
5967
3416
4160
5487
4605
2173
1824
4695
276
5709
1901
5472
998
3992
595
4817
2689
4031
5762
2379
4763
1495
4628
406
5049
5601
1447
3305
3378
1736
5860
2774
3092
2811
4802
2688
440
645
5492
1677
1615
812
4402
3326
2094
419
295
3486
1208
2500
3442
3273
197
3130
3235
2079
4957
2631
1289
4341
3333
2203
1252
3773
1570
5849
3202
1534
4888
1493
3488
1383
5717
5427
4924
2238
1025
2191
2231
5582
4518
84
5405
3666
3253
5320
5075
2610
5751
4349
3346
4951
1630
1434
3027
1513
982
1827
364
1032
5790
4631
1583
4091
2483
2245
246
136
2484
2053
4296
2655
5169
2151
677
2076
5062
1156
827
5776
3792
3327
1961
5438
2837
4658
845
168
5923
4871
4669
4435
1363
156
5432
965
5260
3947
5669
3402
4731
2188
1732
1611
2387
5522
5670
2242
1193
5325
4635
1271
5503
5922
4802
5564
895
3289
2132
946
2650
2848
5173
4089
5933
5001
1167
5603
2060
4519
4567
3317
4091
2082
491
2530
3011
3906
2170
2469
3223
1592
4218
1644
3031
5608
278
5725
1120
5515
1736
3105
5809
3142
5455
1744
4158
1401
2377
1681
2672
3723
4760
5543
1924
217
4289
559
3550
1112
5185
537
5081
4982
3721
5753
3509
3749
4293
3909
1034
4113
2281
3974
4287
5324
202
3469
3229
5721
3404
3442
684
1790
4209
1277
2269
5825
2043
4470
1288
3333
4123
717
534
2471
5689
1643
2671
1780
2212
1578
5214
1722
5889
5123
3157
4902
1760
3880
1141
1248
2256
5599
5662
894
4285
2058
5659
2981
1572
5205
1345
2773
4365
2847
68
3297
3821
3274
4001
4923
3139
2206
3264
2562
242
3009
4168
2701
5871
5855
5112
3398
3159
5396
5949
3435
1736
2870
4767
395
1629
2356
3613
1545
4413
3670
5846
2017
3695
3887
3482
5026
3402
4647
685
4330
1935
1168
1051
3685
5620
5311
3623
4677
971
5083
4477
4688
1495
5804
4790
251
5548
3577
1269
582
608
3964
4571
3381
4914
1720
5298
4138
4619
504
5500
1680
2888
3599
194
507
3559
2681
4425
959
4295
5272
1813
5831
3980
2221
159
1653
145
2333
1761
2105
568
849
5706
434
2087
4092
4720
5335
5621
1032
4991
2590
554
5722
3175
2728
387
84
2394
5895
679
2790
5168
5412
2835
2715
5903
924
1879
1527
2729
5186
4464
5586
1473
5592
3129
3816
3485
520
2238
124
5283
5179
104
2318
4540
5110
447
884
4259
3689
3719
4288
3726
2911
2152
4829
2178
5300
3245
1842
90
4417
4780
2694
4014
1246
4057
2980
3850
2721
2122
1573
1640
3067
3615
4499
217
2928
3763
1994
3944
5872
2249
2550
2854
5983
3655
3867
466
2535
1659
2659
3120
