1146
1131
1520
2059
1920
345
2853
2454
1813
2811
2979
2981
2886
1725
858
156
2413
1157
1452
228
172
2909
1888
2307
295
2035
1928
321
1387
24
231
2912
2682
1276
2231
2452
1413
1369
975
1478
2550
2763
648
489
482
2624
2492
2715
742
2964
1375
1987
2516
513
444
707
710
1652
1000
1426
1504
1291
2345
668
1210
2941
1026
1738
582
1897
678
612
75
1647
1985
2829
2942
318
2658
930
726
859
807
2534
2070
2657
2936
1807
1793
969
1747
1108
1312
1912
1577
1372
2540
2423
1859
2629
2701
1185
402
1383
2611
2230
992
2158
1505
993
381
2918
2924
713
1059
1530
614
2725
660
84
2896
494
1029
988
1879
1053
144
1013
2837
2525
2877
2719
646
2011
950
626
2773
1155
2189
1737
1852
1593
886
2100
2301
506
655
763
1322
2081
790
2669
70
2809
2131
2108
2459
270
6
1991
54
925
2268
1430
2210
1620
1405
1559
2488
2967
2136
2486
1140
485
1338
733
1188
2713
474
1766
52
1385
1550
1777
2240
967
583
2642
931
1682
2618
2201
1094
189
1249
1764
119
1899
261
2390
358
1517
340
1847
416
2018
1992
2973
2493
498
2907
534
1257
2944
669
214
693
1699
2439
1272
486
1778
1575
1386
686
258
1180
218
812
1103
185
197
723
2504
38
1475
18
2435
2141
1099
2356
1994
998
1649
1295
320
2735
2638
823
808
1380
2481
2743
1464
1876
874
637
1861
1660
212
164
2679
493
367
112
2440
2712
1432
991
519
2565
2651
2871
2844
441
2760
2728
480
613
424
2105
1357
2067
2045
2666
2196
400
638
1045
1102
2949
796
2003
2236
365
1465
2667
2622
1388
130
1909
1150
495
1303
735
532
2655
2757
1306
1174
2615
40
1582
2500
2434
1629
2692
2948
2362
536
107
1840
2132
896
1943
2147
1731
2096
388
133
1245
724
282
1095
2005
2432
2143
1466
2155
2718
2607
2055
517
2302
1286
1039
2190
2990
1445
204
271
350
2681
2179
708
1051
1935
1040
1114
1913
783
1770
621
2461
1224
278
2274
2294
2854
306
1826
2819
2784
2161
453
1668
2934
2002
1427
1838
46
1490
1495
2224
800
919
2326
565
0
1027
147
2567
279
1973
2491
734
1307
2074
2885
2206
1854
1328
1467
1042
596
2148
966
328
1301
1048
1046
1923
588
716
1810
1128
2197
848
2124
472
2475
2994
1663
299
1950
124
1756
2128
1735
1868
2957
2875
1842
2952
894
355
584
2904
1537
898
2411
1796
951
695
2768
2097
1485
2731
216
203
250
2319
1625
450
2541
2683
2537
1773
2923
2280
834
692
1319
1353
2734
2192
1408
1820
1892
1869
2520
2935
2830
1200
663
1172
2444
1811
129
681
2043
2220
451
2106
873
2075
2372
1729
1089
1149
166
970
2054
29
787
220
1456
2546
771
872
1884
1600
2600
1907
1710
1698
1623
778
317
821
2777
1934
458
1352
337
1294
1635
780
434
2309
2928
1060
1864
658
1528
2690
2409
1335
2989
870
680
1889
1033
2584
1270
2223
2984
12
386
2122
336
2085
1377
1535
2138
1671
1010
496
2505
1904
26
83
2515
2347
2369
705
131
2787
2278
2267
2523
550
1997
1018
867
170
2553
869
1116
1806
93
2258
2426
1011
1922
1576
1118
2673
1878
2812
2066
366
1264
689
1679
1087
1590
2878
2649
2438
238
1759
551
751
822
2927
2920
201
1438
1552
2382
168
608
567
1805
830
1347
1332
1057
2241
1532
2807
2247
1702
746
2574
410
906
1893
903
1331
1983
1717
2159
909
1707
1477
2991
749
645
2592
946
1563
2174
943
1998
2253
1655
2456
51
1474
1364
2983
2598
1144
456
1288
2863
2556
2329
2561
1342
1819
1310
479
89
356
1833
1857
399
1960
1665
2589
2281
2646
364
1669
158
2298
1856
2739
1775
461
1970
2412
1948
1845
824
1158
1054
1529
2802
901
167
1637
2661
1641
562
27
1159
7
2608
811
2775
2738
1837
2968
2182
454
2685
2806
2698
2417
1283
2040
1932
2820
2001
2354
227
1503
1171
1069
836
1568
1482
1411
1212
2325
2798
1719
1142
413
825
1133
960
578
408
857
852
1080
1789
773
607
387
1957
1462
2116
1748
384
1215
703
1632
1602
2473
1077
2524
555
1407
2361
540
2533
1739
2479
1417
2702
222
2392
2343
905
1684
1161
1330
841
1508
1195
312
53
2053
2468
599
2801
183
2046
2906
883
2358
2892
1981
2922
2243
1189
2063
2118
1090
1488
1134
2767
802
283
97
518
541
1768
2510
2653
1132
1911
1497
2083
1630
1037
1781
1243
240
1130
101
260
121
914
2061
1870
2186
2797
2705
2631
1101
371
543
2013
94
1235
1168
510
2762
941
1996
2038
484
545
561
297
2766
1533
1801
2917
79
1403
2814
2232
268
1219
1589
1199
2623
522
2513
265
305
134
1217
1016
1148
868
2822
1489
488
1049
2044
976
2956
971
1574
2470
814
169
2346
625
1565
881
2290
1687
2350
1802
1543
531
2306
2401
2033
153
2925
1745
1771
2156
1259
2933
1967
2858
1241
360
2021
419
792
2639
1254
2057
60
2467
2004
1031
698
1052
1401
2689
120
1056
633
1963
2795
652
1309
2870
1213
2466
2237
2849
1584
1627
838
799
1541
1325
664
615
558
2497
2374
2542
294
2249
629
1858
1631
1954
1344
85
2178
335
982
1965
2084
2316
1203
610
2632
2895
2091
2588
2684
455
2852
65
1129
1002
747
1779
913
48
2076
1382
438
2203
1799
327
1676
2832
862
915
2279
2528
2560
1476
4
354
1354
820
721
1221
1834
1399
1151
1762
2058
2123
463
817
2387
917
1542
1962
1371
2686
912
1581
2890
1252
1746
2145
1825
1863
223
2327
1821
205
1597
1755
900
141
1677
623
1977
1961
435
2522
2570
406
2897
2150
839
1156
341
731
1783
2026
2151
2205
1007
1946
2080
2104
289
1091
1363
1081
923
521
428
568
2619
1599
2398
2630
1122
2697
237
2310
69
2200
1479
2595
1223
922
1633
1672
1258
1545
2855
1694
2445
2976
370
2399
104
622
1277
1622
1938
1343
285
56
1137
2273
977
781
1688
1767
2443
286
2498
828
247
1289
1186
2873
2675
2648
2477
1135
2371
110
2160
994
2395
2742
405
1359
772
1639
2266
1441
1685
1518
1546
1244
1086
1030
2442
2781
1809
2597
755
1675
2102
826
591
460
1881
2483
944
1701
1678
1895
44
1791
2391
2315
1549
2410
2300
1
1925
464
929
246
2397
431
2252
420
477
2800
916
2637
470
2015
2545
1265
1097
2078
574
1308
1216
1544
2914
515
2903
2508
911
1902
267
2420
877
80
1008
642
1496
2407
1851
1268
1908
1106
1093
284
672
1481
2093
1043
1841
446
16
2032
2480
809
1409
2446
2868
2551
30
1493
2943
1927
1758
1681
1571
2050
688
1993
782
566
2415
2926
942
1400
1421
1890
1410
487
2867
344
2963
1110
2165
2950
701
2312
1041
401
1733
501
380
1709
1974
1872
1972
1317
1536
1374
965
1509
2744
1786
2563
2554
1431
995
581
1198
2975
1560
262
1460
2834
1714
2548
103
391
752
2665
2012
2171
1831
1882
2428
2764
2335
656
2272
666
719
1573
1534
851
1006
132
1412
2603
1121
1654
956
2726
77
163
2817
1098
2333
2986
553
2450
631
2166
1281
2194
1556
1468
2355
66
1567
720
1712
587
181
2482
2339
1406
2181
326
1621
712
2835
1695
526
287
1384
1143
1648
2759
2378
1124
1201
1083
1548
1784
157
675
137
73
346
2590
2077
2955
2625
2499
10
2448
1414
636
650
1394
1828
1145
1192
1524
511
2404
2672
616
2869
1975
2959
1196
427
654
805
1798
1329
2620
2641
2572
1358
2931
990
1945
2226
2825
1164
2900
2406
2678
2019
2027
634
2518
989
43
2805
174
736
1315
557
999
1906
1084
2239
2780
1525
564
920
1930
1376
2472
2051
2866
1004
343
2359
1780
1498
263
1226
1969
777
2296
90
372
2765
2581
47
2693
123
2586
478
88
2360
1123
2557
1848
2887
757
2827
1636
2604
1176
725
334
135
589
1971
361
2786
597
2688
2544
1486
892
528
2857
1812
421
1873
2861
2792
1404
1314
404
649
2577
2383
2737
2974
674
2776
704
1579
2022
1661
2388
2010
2680
210
706
690
398
727
2982
2365
316
1020
1742
619
2881
1782
2257
276
2322
1120
1282
1947
1232
2212
1818
2783
2270
2115
1664
766
1519
880
160
643
186
1618
2342
2566
2370
1978
2848
2884
125
1208
118
2939
2455
2130
2704
753
432
1803
385
1327
934
1014
2419
2891
1613
902
188
1752
2195
2121
500
1797
759
1378
871
853
1713
1849
11
232
74
1850
542
2788
2530
744
1356
1036
339
1728
1611
815
709
447
1547
2562
127
1067
762
505
2593
178
1088
2162
1075
25
290
1931
592
2635
1988
2842
2447
835
2609
779
1473
560
108
2260
1092
682
2836
2531
2699
793
795
2305
2157
2277
2559
2140
176
2711
628
2184
797
728
2724
1501
579
352
243
1877
1422
253
2185
233
292
1921
745
2872
1776
1333
1207
1349
15
2911
2750
1170
983
1420
393
422
36
2840
1362
1373
63
1115
2845
78
2569
1875
1202
1032
2318
961
2889
2815
1580
200
2149
2368
68
41
1351
1720
738
1138
529
1428
338
171
2770
2823
1658
1047
539
2234
2754
1429
1916
392
234
508
1318
1127
850
2422
143
2073
21
2276
315
187
864
1204
1700
2214
1096
1085
2304
142
1311
1177
1718
1527
1736
369
2879
2888
2790
1211
1370
363
1914
2000
2859
935
2582
1944
2416
1003
2471
2716
1866
2676
395
2110
2034
1697
2269
2587
2995
1153
2458
2256
2168
1885
2095
190
981
1918
1500
1692
2338
798
767
116
1953
1050
1230
1392
1816
2052
1022
507
1250
1293
932
1539
2816
1298
2579
152
1206
5
2299
2610
1021
774
2626
96
2175
1339
2916
2908
348
2962
1557
2652
2930
602
1292
136
741
1979
2717
2755
2030
1280
357
1449
1063
1569
1865
1402
76
349
151
308
1512
155
1079
1025
2047
2733
1023
2527
2405
939
605
1251
810
2940
1379
2839
2634
2799
2670
2216
2804
288
2856
313
888
1163
1484
829
1360
1522
2261
1910
2321
600
2062
1078
1024
2193
2348
940
1227
72
1152
590
403
1453
397
842
1012
1433
585
2006
503
99
2966
423
1506
2336
2549
1814
2813
2207
1296
2778
1454
2774
1860
17
1526
1843
2601
1966
266
849
2521
475
739
347
1772
740
1175
2464
1538
1260
2558
31
429
1624
974
115
1104
785
2583
1822
304
2932
259
2602
1674
2295
1790
827
62
1470
2511
2749
533
2384
2204
624
958
1683
718
761
603
2502
937
329
2758
1390
2921
198
219
697
618
806
732
307
1827
2425
1162
2451
1883
1278
2211
1113
1952
801
2421
1657
2183
2636
2751
984
2222
207
2380
2905
1585
1659
106
1346
878
1743
1458
2485
653
2393
1368
891
161
2016
1566
552
1261
2228
2970
2373
1416
105
670
794
49
199
351
2996
433
769
2617
2069
1744
1513
816
1034
959
1608
281
2334
547
537
2951
2259
2457
2487
2014
1366
1570
378
2245
972
2645
2756
819
2490
2377
1028
1578
2029
2152
791
2109
2993
1284
2351
1061
430
2024
2965
699
1147
2364
2125
1205
789
2129
2357
635
606
55
2107
373
1656
2945
202
311
2961
2008
2826
2958
928
2163
776
2847
1181
1305
362
1751
2876
39
2771
2671
442
1341
1670
717
1705
918
2286
1300
1741
2198
2833
2462
98
2915
1214
443
2064
845
2971
530
1313
448
2714
2135
576
1891
42
248
2535
213
2218
2643
1919
1769
274
2779
2708
342
173
2255
1273
1628
229
2265
866
1941
2605
833
1555
520
1587
1726
1836
45
1761
1111
2791
2215
1638
459
2133
140
323
468
439
2929
1275
1139
193
1830
620
765
1455
1690
2954
1316
499
2555
407
1871
2899
415
855
2209
2071
1302
1651
2031
330
1350
2677
1240
2154
1880
1112
2170
28
1794
1708
2020
2114
1242
875
556
2007
2960
1867
383
2580
2271
425
19
426
847
910
1398
469
50
2654
2250
737
1956
1732
272
586
1614
1015
2831
1774
831
2385
2089
2103
1846
2056
418
2650
1450
1588
535
2512
2509
191
2366
1901
2283
2978
1492
1247
1804
2517
2291
1266
711
1197
1463
580
949
2664
980
368
538
1572
303
1279
1035
504
1594
2628
1515
310
525
2284
1976
1634
936
1626
1980
2843
1606
639
2532
641
978
2288
2308
2910
1017
2042
514
1461
2025
1995
1238
1691
2612
1619
1220
490
546
1596
1262
1723
194
2633
2992
1693
714
2112
476
1105
291
604
2293
2079
331
2894
374
2402
2041
1267
319
457
2613
2785
2794
2564
2127
2113
2736
2874
1894
2323
256
1615
293
2376
2173
1824
1551
1722
2263
2285
1182
296
609
462
572
332
2233
1074
1650
1107
1038
264
2227
217
1886
452
2381
1968
2627
22
1160
1424
1367
1222
235
1558
1246
1642
1926
945
665
1435
1583
1607
1917
2707
570
1939
382
2594
1610
180
2769
1183
1853
2453
598
2674
523
414
1340
955
437
1951
2838
2946
2099
2275
947
2172
1531
1451
2489
1689
1686
1072
1844
1233
2068
2137
2710
657
968
1616
569
2571
684
2808
2578
502
524
673
2668
837
1612
175
2694
445
1009
2747
230
1440
2264
2349
1396
927
389
2882
2850
492
1673
1073
844
2469
2460
2606
353
933
2094
273
2430
1391
1285
465
2164
1644
2706
1423
2662
2254
57
1989
1727
1955
729
8
1924
2340
884
889
2740
2213
91
617
2394
1706
2060
1231
301
667
1218
2375
2187
2478
899
2753
139
2864
702
314
1523
244
14
1361
1900
1874
1444
730
2599
1100
2709
2647
221
375
211
2139
2985
209
1365
2841
1760
2663
1823
2536
298
2501
2507
1586
226
1165
251
2098
1595
1173
177
548
1141
2396
1459
2969
2101
2723
885
2752
671
2640
1929
109
1604
58
2999
1237
1126
417
1187
1065
162
92
2188
2176
1320
249
1439
627
2547
1225
962
1005
2036
2987
1896
1839
2828
1355
2793
2761
1716
770
1958
2660
2437
803
964
2687
325
64
2414
952
113
1499
2328
2292
2169
1564
846
1169
1184
2476
860
2065
215
1434
788
1754
1855
61
854
1662
938
2289
1193
1236
1617
1990
2367
255
467
1019
1001
13
412
2317
252
1255
1959
2418
1984
1443
2495
1514
2972
2244
67
471
1800
677
2539
1058
1540
954
1603
2242
2087
1765
2117
245
1483
254
196
2913
2463
126
687
192
1334
879
2297
1905
2424
2048
208
2824
754
2616
611
300
1605
2337
1680
2503
1785
376
1749
1704
2998
2526
2953
2221
1324
1239
876
758
2691
1832
691
1389
593
2729
2082
1711
277
2037
1044
436
32
2049
1263
973
696
924
1666
128
241
882
2621
2721
37
1554
679
1425
2088
647
2722
9
1326
1964
100
242
1502
1753
138
377
2782
179
1167
921
35
2429
804
893
1653
2072
2126
2320
1510
483
957
2796
59
2883
1381
1521
1228
2745
2352
784
1117
2177
2441
1457
148
2818
865
685
2596
2474
760
2988
122
257
1763
575
750
1447
2379
2494
1553
1055
2898
236
571
2431
1724
1304
2229
2938
1179
2341
1068
1487
1472
2248
34
2576
1640
843
206
1986
2514
963
676
953
1696
440
818
1982
2720
154
1125
2287
1730
601
2789
1256
1887
1436
1862
1082
2449
2251
722
2748
948
516
996
302
2311
117
1248
409
832
2167
2330
1494
2519
2893
2303
1471
987
2810
1136
473
81
2862
813
527
1194
2436
1290
2120
1418
491
2552
2465
239
1937
559
2703
2695
2023
3
1191
1234
2865
1469
224
786
165
1154
2028
775
651
394
748
1415
594
554
2433
1940
512
114
1949
1271
1321
2700
2803
1178
2732
768
184
280
379
1516
87
2880
1419
1299
1740
632
863
150
1336
1815
2180
1446
1592
449
1757
2191
2039
2262
2427
997
2821
159
1274
1792
1999
2134
1491
2235
86
396
2144
895
2901
549
2902
1397
2017
1337
926
2225
2575
2529
2389
149
1269
544
1835
1437
2092
1715
1601
1787
1667
2496
359
2344
1703
1345
2119
2324
1915
2997
764
2111
756
1561
2
595
2846
2202
715
2484
640
2543
182
2400
1070
1507
1721
2538
1591
411
1829
102
275
1645
2937
82
269
743
1253
509
2696
2009
1936
887
1190
1109
1066
861
683
1788
577
986
1229
2851
2332
2142
2314
2644
324
700
644
309
195
890
840
2146
2506
1511
985
2919
2977
225
1942
497
661
1734
2408
2246
1119
2730
2573
1750
2614
1323
979
1062
1393
2363
2659
1076
2568
1898
2238
33
1297
145
146
659
573
2947
2208
2980
563
390
2219
1646
1448
95
481
1562
1071
2353
1348
322
1933
1395
1817
2860
2331
1442
2282
2585
2386
856
1064
1643
2591
2217
630
1795
1609
907
2199
23
908
111
2741
1287
20
2746
1166
2090
1808
1903
2772
466
2086
2313
904
1598
333
897
694
1480
2727
2656
2153
2403
1209
71
662
1087
973
1908
299
876
2006
1296
244
1998
167
2053
470
2240
1775
891
875
2882
1913
907
1864
400
752
1509
1754
2379
1263
2541
1780
31
1154
141
2564
2650
2233
1600
2445
2555
2701
572
7
2904
619
2555
1788
2590
188
2733
1083
1687
2576
2314
55
297
1237
2286
2936
1982
1302
403
2448
1400
917
746
2137
639
2248
582
2885
1729
2744
1492
2038
1554
942
2545
2292
1122
936
1551
1159
220
2819
1948
2665
2468
790
1798
2277
831
1818
655
945
2589
1722
2318
432
2055
412
1093
2322
1900
2173
1267
1121
1332
2399
987
2384
2803
640
2653
437
2096
9
2659
852
483
2632
2643
2637
467
1577
2504
1494
2386
925
2403
2973
876
2857
1086
1280
1457
91
2701
2858
565
1574
50
1450
2953
273
1123
166
2471
560
2235
1119
1668
1690
1702
2897
2519
71
995
834
2798
2091
1874
2010
1165
1865
2153
2462
931
2750
619
2403
1781
1963
1302
1543
1365
935
897
2302
1213
1291
2836
1068
1787
895
1557
262
2780
1878
1269
2582
1047
2259
633
2945
2516
1533
2588
539
982
1834
1425
2665
1915
2217
2868
1425
1538
833
2404
1838
2368
124
2103
985
717
504
1088
220
1323
2109
190
1136
2210
46
2811
2584
2216
950
1604
453
1075
2074
1257
1500
1224
1575
2652
75
1594
1776
275
998
827
1542
1675
2751
256
1264
2265
1965
1181
716
1448
2293
2721
165
934
2084
825
1681
1530
1805
2120
87
1865
2194
1693
2443
1583
1767
2254
136
2921
1206
1018
1082
1774
1638
1304
2787
196
1489
1581
1373
511
1350
860
1610
1320
1816
996
2867
1988
18
499
1943
706
1301
1491
1882
2317
590
2751
2891
1393
2052
1764
2917
2792
23
1033
2133
131
1071
1125
2113
847
1359
362
2245
1184
2275
2949
1106
649
2572
1144
2632
659
2308
678
2343
1156
1597
2751
668
139
2089
2046
2884
430
582
556
1767
1299
614
739
1858
386
2504
898
2204
1130
2901
2587
2100
461
1395
2107
2509
923
321
1985
2600
132
1928
8
1381
2207
2237
1373
1923
1680
653
2164
1261
1361
1633
1155
1280
966
1151
2043
1680
796
1752
256
452
657
625
1466
2985
1530
1589
125
799
375
2987
725
1077
2430
191
2059
1272
1164
2603
2188
453
184
249
660
800
2389
1990
2682
1468
788
1794
2846
2677
529
610
783
631
1733
2554
2641
2312
1055
446
695
1002
1347
2242
730
108
1537
1159
1340
2077
1318
2654
1733
2210
2846
1308
2576
1002
828
2539
1178
535
2130
1552
2704
2838
428
1306
2129
2436
506
2027
892
826
688
1505
459
1141
1890
1638
637
795
2290
2042
1804
997
2401
2850
2617
1308
1199
2096
1527
1085
1217
2321
357
1912
2027
916
2024
2371
2518
2434
1953
1559
1801
269
2220
159
652
897
1519
1581
1766
2358
1434
2511
735
2490
1464
820
2498
151
1703
1439
2323
1696
2702
886
146
2333
2966
1490
489
56
1790
2884
40
2519
638
2863
1178
1355
290
843
2368
351
126
2621
2257
1744
1495
2145
1918
1841
1932
1217
2769
2755
866
948
531
2970
1187
2472
980
286
2958
2427
2165
1321
1422
2396
1149
1089
2340
1667
2487
663
2324
2584
1158
818
1604
2900
779
1369
2487
373
796
2580
2001
1041
1204
285
702
242
1320
1883
2415
15
2040
2705
158
170
1053
1515
2460
200
2939
1795
448
1123
1576
809
1695
2760
876
1059
1079
540
1297
1302
700
2770
1758
1668
1080
2598
2545
981
2674
844
1772
440
1098
2811
180
2713
1633
1927
2808
127
1326
1059
2042
2843
2697
47
2536
323
865
1639
658
2122
120
1802
2869
170
225
1749
2426
1917
1324
1800
2144
1414
1701
1976
1286
624
1820
811
1128
396
550
205
400
440
1651
2671
203
525
2388
2099
2260
391
2479
1349
2087
1870
1374
785
2318
1485
2303
1846
557
1227
2846
1910
2862
856
1147
1904
34
1739
214
1401
287
57
920
809
795
1226
1634
2428
2403
2697
1200
1552
861
451
2788
22
948
1490
2246
130
323
46
1827
939
1610
2944
906
672
1220
1976
601
1383
2141
2460
2023
831
501
1197
1210
168
2214
133
1454
1539
2676
2000
160
2031
2086
2594
2220
2211
775
1065
2688
2578
1264
2920
2610
1436
306
818
811
2538
336
1793
10
2323
954
2014
2783
2745
1823
1683
2257
1939
1063
1840
2654
1039
1791
940
1479
740
1155
2376
2019
796
2847
393
1796
883
1145
2993
475
1058
878
915
2448
1879
402
789
2385
1599
2516
991
2962
1796
2172
900
584
1174
2562
162
2240
1811
907
2228
56
2703
2475
2043
1152
1883
610
2800
866
1740
1309
872
2747
2995
515
1323
641
1039
2448
909
2043
1820
424
2774
2925
2996
2554
2176
1115
1464
1183
1060
553
1026
2107
2052
1332
2504
2816
2882
2798
1139
500
342
1039
742
866
2101
431
2349
2851
2831
2857
363
2440
1260
1471
139
2113
2317
2074
1997
1126
2459
1950
714
1323
455
1222
1978
998
1597
1766
2517
898
207
1428
849
1533
2899
1059
2206
1619
2802
548
1786
1935
1036
2311
2278
1161
787
756
887
1739
1449
2510
2405
1418
2376
2634
2509
2403
1985
2672
2034
1084
2593
1886
1144
312
2572
2499
1316
438
991
668
2055
2204
567
2886
356
2099
123
2200
1096
2942
1771
1502
609
2056
1828
756
183
256
1910
2500
927
2787
2318
675
1036
951
1278
1158
325
1959
1073
2018
1990
655
2418
1135
445
2852
2712
2177
1266
2624
884
2523
1095
2245
1256
499
854
402
1198
1689
1004
2496
1909
1345
1516
1547
1242
826
1907
2435
456
416
2901
97
385
1163
2407
1626
1103
2991
2151
261
631
2232
598
2071
39
2897
1698
2103
1841
202
644
2617
2138
2308
409
1768
653
2816
1124
2547
1739
1246
393
2203
357
2700
2661
191
2071
283
2793
216
2412
931
80
2463
2740
1111
123
620
2130
2772
2823
1290
785
1492
2618
379
34
422
2952
792
2909
556
293
1932
900
2255
597
2349
2541
903
177
1547
424
841
321
2334
1422
259
2706
2246
1753
758
2169
2139
292
282
2868
712
1931
1704
2119
2578
1997
1421
2852
1009
443
2520
2557
1351
1688
1225
1320
1607
437
351
877
1125
1630
25
982
1073
909
2515
186
1786
1770
1326
855
813
2839
129
810
2525
1476
813
2247
951
2782
4
2117
366
785
2998
1703
1954
84
1483
608
1663
2816
2823
708
2320
2658
1934
2414
2687
14
794
2025
326
1882
218
789
481
2622
2938
1500
100
1062
101
2620
2415
107
2748
1546
1068
141
355
1333
1125
2502
111
376
329
991
964
1079
1338
1336
841
1985
863
900
516
2898
133
2845
2400
666
323
1215
2075
2433
1416
2784
1559
2617
2063
2225
746
325
2214
2901
1582
2866
1526
1659
2726
845
2114
925
2273
2884
1254
1897
902
2009
884
1656
962
577
717
550
1745
1953
202
281
1256
2245
1707
2992
511
222
91
2075
2068
2374
2793
74
2807
471
1485
124
1578
475
2498
1084
2339
2106
1872
952
1655
848
827
1830
2492
2873
1996
1091
2796
413
1032
403
2418
1604
488
2188
2336
398
1014
1146
966
1198
1151
2202
2664
1874
1193
1520
2894
630
862
58
2506
832
1162
2296
2451
1157
2914
329
968
1987
2262
1479
1850
1032
2217
2526
1973
106
2837
830
1417
1901
2580
2349
1002
405
375
337
935
1844
2927
481
2204
221
118
2176
2972
1042
872
640
1361
2576
549
1451
1298
952
1187
1248
2664
2410
2366
1184
2431
508
2116
1861
860
1183
2345
1153
2544
1711
70
1374
941
1649
2494
466
1669
1299
590
1419
2414
2237
2374
1630
801
1134
1631
2738
2229
2649
2097
733
1023
560
2935
1816
1312
2412
2560
1055
889
1244
1803
2829
110
2863
1143
2901
1093
2893
1653
494
1630
110
643
2358
2840
457
1119
638
2049
1527
1063
31
90
2104
2678
347
2987
2502
1118
2406
1982
331
2033
1185
1980
1050
1195
486
2884
1434
126
2879
2951
2266
696
1739
901
723
86
1693
791
2809
1026
2616
252
2743
2573
478
2981
2815
2021
1930
2963
879
2632
2190
1151
261
2363
1180
1691
852
2036
1804
2783
1510
1981
2179
1862
1020
1821
2185
511
532
1347
917
771
877
2922
1830
2757
1739
1151
1038
2909
709
1232
673
2581
854
166
2309
2170
13
2468
946
1384
400
2172
870
2688
1902
1455
1174
2892
1614
1584
1085
2097
516
1915
2276
795
1099
1114
96
1122
2586
664
2194
165
2309
1534
2990
2976
1226
2479
2939
1777
2285
12
1341
2121
2124
1750
1305
2358
2686
1161
1499
1893
2214
1949
1144
89
2775
1675
289
242
2203
648
2295
274
1242
1310
228
956
1972
49
816
478
2402
1416
157
237
107
730
423
2200
410
573
628
628
358
1835
1548
2715
2385
2303
815
1310
264
179
2315
289
1109
2945
2566
1855
232
2412
559
1148
1935
1432
1567
793
2560
1916
1323
1748
218
1494
1991
2442
2666
950
133
659
2765
2788
1870
1643
1631
1168
2422
346
414
1967
3
1123
2730
989
212
856
1167
2682
309
1544
810
1642
2748
1208
68
2122
2812
492
2540
2011
325
2806
2261
2302
149
999
2142
2044
854
1097
178
2225
2525
715
1542
21
2982
2024
1655
2709
2340
1948
1432
1511
41
2214
334
1827
186
2664
1409
2809
1278
369
919
1120
2087
1988
1069
1842
2370
1624
1353
98
952
2516
789
71
2892
9
984
767
1851
1344
2602
2789
1932
1678
1797
2505
2669
746
2668
264
287
2767
65
2023
1847
2595
825
1582
609
57
2828
1778
758
498
555
618
2221
2217
244
1158
2671
1673
2640
2846
1116
108
2001
1032
1089
2
2771
1405
2459
1672
1315
1723
34
889
858
2768
349
2977
2992
1846
1350
2398
727
1908
996
243
522
1290
2615
2667
44
2802
177
430
2598
1866
2049
2375
649
561
2187
1402
39
2591
2524
1087
636
2873
427
435
1300
2217
1081
2501
2239
951
1370
427
1178
2478
1759
2535
847
2508
1995
1537
2303
1855
1673
2114
1918
377
2723
538
1670
2519
323
2741
278
644
708
1924
2015
1614
1667
479
1781
1456
819
790
809
1572
2592
2937
2960
897
424
2507
2626
1464
1751
983
2249
1080
1747
380
2313
2235
2890
1944
502
626
1325
1716
1133
1884
2271
2028
2470
707
690
651
248
1152
1816
2654
2294
2595
1300
1180
393
2139
1399
1269
177
627
1386
596
254
1267
826
2175
188
1380
586
2785
2341
2796
360
2751
601
493
2582
94
303
2033
2534
1934
1370
967
1937
1318
1161
2381
377
2637
2144
456
2753
2641
1120
2590
2761
1861
1245
32
862
2510
2032
2311
416
896
2915
2190
2450
2441
102
379
391
2860
2323
1367
1680
619
777
771
1727
163
2720
2034
1638
332
2706
1453
822
833
98
88
2203
2209
844
2878
1724
312
2953
2725
567
553
2997
2989
2066
147
1301
1838
2109
902
2206
802
2572
2880
1907
811
1797
1271
2387
2682
724
2093
386
1686
61
1229
1670
608
2734
1655
2020
1030
640
250
29
709
1832
2904
1942
1885
1268
2521
1266
1281
2591
2004
176
2007
370
2008
1976
1963
954
2823
1869
1349
2584
507
645
1022
383
913
705
554
1991
1631
1165
2540
705
