3921
55
996
2807
293
4749
1119
2467
4969
1670
2003
2443
1627
4810
3467
499
1490
3472
1747
4676
1067
4518
3576
1310
1966
3400
939
4448
1698
3204
1274
1588
4077
3972
4988
1255
2826
2229
1967
2580
381
1718
575
4788
4329
3768
4514
4677
2859
39
3529
3741
285
3970
4618
4550
1501
2885
411
4334
2874
4752
2325
3664
4559
4199
3531
3611
1505
4285
1078
2498
3515
1537
1292
2316
2094
3138
58
3963
4409
3974
2425
4458
3764
2982
4130
4116
1097
3264
1049
1287
4239
4964
396
806
3592
3222
2179
4202
356
1209
1571
2377
3126
3858
1399
1592
3263
3006
4635
633
2299
3920
2695
664
2649
3828
2400
21
4925
3300
1212
2554
1120
507
4698
2637
920
2168
2113
3602
209
2873
1642
4837
2549
1917
571
79
683
1033
2277
1980
2290
133
4274
2669
2259
2402
1519
2322
1031
3460
2815
4570
3458
1728
834
4165
4250
361
3549
3944
1973
2244
102
1216
3454
3967
2594
519
483
3870
3727
3419
906
4852
2480
3209
3275
4498
1554
421
2342
171
881
3087
1401
3778
2652
4479
2746
1442
2715
3375
1502
4639
1218
3321
1366
263
3827
983
461
3210
3633
1492
2250
3788
2374
4460
1319
3468
536
1703
4867
2718
2406
253
166
172
3570
3227
1777
4822
4733
4143
627
2601
1729
407
3658
1057
4324
3247
4658
1908
1085
1558
1259
2521
3750
2780
643
2477
3748
290
1497
756
2618
83
2842
4306
692
4566
4010
2535
3950
791
367
1528
3254
4371
916
4705
4045
4884
4073
125
521
2692
1935
3651
1889
4312
2631
2879
138
2000
4697
4311
4198
490
1668
4505
4107
433
1861
2908
3812
4528
4645
123
2721
2330
269
4303
744
2948
1406
3003
1561
4610
3304
4270
4164
4755
525
1838
1065
604
2
4636
2610
363
928
4401
1736
3031
1229
476
3320
449
3703
923
528
4549
3790
3161
937
4238
3663
2444
3883
2173
4512
509
142
455
2930
4453
2359
4470
1910
3440
3042
1890
1341
2482
1276
2690
2608
301
3507
640
2856
4152
1931
4302
822
250
42
2729
2107
2276
1337
170
1679
3517
2656
4795
3688
2300
1863
4897
576
2922
3986
931
872
1329
1231
2912
2487
366
3452
3397
222
1440
3541
2569
314
1320
2202
2663
1491
608
512
907
2019
3929
2965
3146
4147
3849
1284
2952
4916
1653
2442
4201
3575
2844
3509
3962
4369
839
3610
4064
4513
2085
393
3271
4203
2385
1190
1272
289
783
4344
131
2429
910
3919
1451
2732
2452
2969
146
1166
2305
926
4145
4500
2854
607
267
4689
933
3407
1267
99
959
194
2413
4451
2292
4146
16
1394
1814
3618
3574
1165
2838
4836
1802
3302
3672
1789
1163
3887
2283
2450
2437
3708
3743
4097
830
4930
893
3318
383
376
2672
4166
3534
360
2934
3471
2846
4177
2170
4255
3674
4020
2473
2553
4304
4024
280
4055
524
3037
4757
370
699
68
2712
3191
81
328
85
223
4258
3528
268
3807
1933
2050
4185
1988
2361
3877
1564
1763
3154
3255
4735
2468
4792
1732
4252
3147
4611
3785
4829
2956
326
1380
4650
3442
2852
4558
897
4335
4625
4095
2789
2655
3476
238
2819
1719
4508
4727
2913
2396
3826
886
1700
1176
141
5
2540
739
1131
721
4469
188
3225
2411
1643
515
49
3344
4951
1010
47
2120
779
889
1585
4906
585
1788
4722
4136
1450
4704
2049
135
4299
1508
3218
1875
1790
2061
4534
1436
3163
1625
1090
3925
602
1383
3716
1470
1589
4537
3853
892
1874
4120
1472
287
2921
1289
3504
2802
614
702
3728
2248
2162
844
2489
2603
2787
7
4102
2676
4036
2592
1656
4954
75
1638
3114
2017
1386
3565
1168
163
1683
1048
3199
3283
3036
4156
1158
2614
1444
3439
333
3101
4214
657
196
986
4094
2052
4874
4434
2769
537
3946
406
2778
3884
347
4436
570
2363
1633
2219
1959
428
2577
3461
3590
4588
2931
210
820
4364
67
3100
1689
1052
1112
4308
4598
2861
1822
4014
3882
3731
4579
723
3017
3936
1108
3345
3566
30
1241
3714
427
3526
1249
597
3336
2714
1395
1333
1443
353
70
718
3977
1800
4175
3721
2288
18
3095
3604
2197
4467
4660
1567
3399
1034
685
2491
1
1002
439
2571
429
652
4783
558
4475
1364
4061
4946
3465
4989
583
2850
4003
1021
324
3836
1299
2090
4965
3783
4820
1715
1024
4060
4188
946
1608
1812
3542
4976
1594
634
682
819
1018
4293
3201
4805
3598
1779
1688
534
2078
4347
1039
3960
2516
533
2955
3192
2167
3112
489
629
4398
2026
4497
3137
1487
3310
3845
485
2351
971
2806
3475
2653
3636
2323
4108
3055
160
4043
3901
4732
1325
105
1853
3632
1546
3567
3085
4938
1156
2388
2171
1250
2877
399
273
2788
2273
1609
1004
3917
3713
561
1699
3539
4103
4085
3285
622
1816
1821
1295
3733
3601
4180
1340
2938
4891
1170
2164
1671
4738
4633
4011
3311
3353
3905
1904
1254
4466
462
2484
4818
2154
2118
3931
2735
1089
1981
4235
4802
418
1496
2116
4262
472
4848
3288
465
802
4751
4715
59
2494
1486
3171
1211
3451
3077
659
1597
758
1606
4417
4972
3276
4318
3815
1654
4144
4110
1750
1307
3712
3511
838
2862
1263
2372
2539
112
1513
4564
3579
2037
2771
1154
3207
4750
1498
3538
3600
4746
1652
4159
1535
149
3796
2799
4627
2475
2871
1848
4403
1929
4099
306
1871
955
388
4947
3585
2784
2936
698
3907
3070
4444
4354
655
262
3660
4357
799
176
1077
4207
440
805
2835
1462
2593
2742
3193
1093
1857
2214
4653
3427
982
1135
3691
274
1710
3473
3385
2234
3495
4093
3710
3606
2440
4839
1713
4037
1771
666
3949
966
2495
675
798
3168
3582
1109
3643
4575
1161
451
526
3297
4743
2033
2500
184
2662
2210
2147
1311
303
1878
1286
2675
929
3119
3655
127
1280
1348
4998
998
4548
2132
4411
1411
3737
3772
2237
2657
1524
1074
1275
1601
2410
340
1630
637
1581
4105
2435
3450
2665
1516
3993
1423
3239
4868
2727
2463
2678
1989
504
2135
2390
1214
3015
1514
1113
2803
2823
4167
2439
4690
38
4321
2899
3128
1294
419
1912
2289
4522
3078
1363
3729
742
3711
3167
3547
1014
2511
4441
2397
1603
3819
4853
1378
2791
945
3824
341
1243
1582
623
2126
919
3064
2110
2731
4973
3270
864
943
101
4173
518
3122
422
1230
2387
2875
1189
2470
976
3649
4984
4210
4899
226
2158
2068
846
1454
3548
1938
4387
1182
4860
4520
4452
4320
1245
3373
95
2441
371
3952
2055
1449
4424
130
2472
2047
3757
3335
3449
386
2030
2268
1769
3212
14
69
491
2883
1533
3125
4307
1125
4637
4025
4428
856
4276
358
302
2985
1939
1008
3659
2407
2793
3894
1174
2293
2188
2519
227
3982
3822
1915
3942
2378
3367
2424
4642
1062
1702
3418
4974
3957
1964
2088
2709
3428
3717
1404
3847
4926
257
3173
1972
3635
457
3878
3252
4115
1495
4007
1347
1027
2559
4413
918
650
2332
4112
4367
1509
2362
2696
1043
37
2808
4472
2880
1599
757
4191
1731
2015
2215
4714
3889
4069
3396
1198
2089
2478
275
2895
1194
234
292
450
2595
787
4620
2705
2623
3890
1826
1648
500
1082
4803
1045
3348
1421
3732
2117
4423
3110
3556
4932
649
1901
772
2043
4289
1103
4476
260
3231
1681
4831
2267
2217
3775
2506
4823
3157
3801
4838
2798
400
2492
2496
2264
4005
4580
4381
1118
1880
4296
595
4075
4544
2066
2865
3132
3682
2794
4821
3811
4405
1172
2128
3558
1413
1530
2327
1570
1242
4621
4006
1197
3875
2530
456
639
2551
3776
1810
3881
120
3484
2096
2403
1481
98
1797
3803
3436
3411
3381
2175
2550
4402
3391
1200
1291
1261
3133
3155
1684
1489
1467
435
1987
1745
3535
947
337
1986
3088
180
3294
3626
3550
57
662
2724
192
1099
3513
398
173
2331
1316
4266
1389
4137
1376
442
1760
1866
3935
975
4944
1835
1723
1943
2925
1256
4883
2422
4723
1813
2989
3382
3194
736
4975
1743
2041
2169
3855
22
995
1269
3234
4298
3370
2025
3756
2140
1739
4432
1646
4800
3044
2319
1918
4490
288
2748
1226
3420
1012
2469
2972
3319
592
1823
1775
315
1303
4406
3987
3152
447
2960
808
3189
2311
3861
282
4277
1667
2497
3332
642
4760
1678
4313
3709
826
4221
961
1672
4739
4422
4002
2589
4477
4251
4300
1951
3603
833
1069
4561
3046
4286
2878
2711
2531
922
829
4759
1881
4070
1852
1169
1925
3023
1402
3116
4962
956
3496
824
2532
3417
4679
1865
673
2436
2143
1551
2142
3080
3027
1302
1877
3763
3885
322
1666
1758
1849
3898
3072
251
3999
670
162
2785
1831
207
1618
4808
4232
1344
9
1956
4194
1896
4350
1086
4404
590
3912
2901
514
3802
1051
1895
1660
3527
3203
2660
4519
2978
4741
154
4278
3130
2062
3866
4161
1009
4339
3683
591
4015
4482
4040
2081
2509
3256
4517
2825
3799
2633
1479
3153
2703
4281
357
4052
4953
1682
4915
1382
635
722
4241
4134
3253
2752
118
3402
2490
874
3260
2674
1352
628
313
4071
1199
606
1811
674
3416
1095
4457
3686
3004
1372
4861
1724
3410
4169
4785
2772
352
4961
4382
372
3071
2220
2213
385
60
3075
4028
2740
1637
1426
66
4599
2782
2270
3644
2585
3358
1390
2579
1260
1840
2699
1584
707
3164
2757
3249
1644
1301
1860
3583
2178
2687
1452
2766
4227
4659
3092
1545
4721
1159
4030
3062
1418
3369
2679
2275
3508
1318
2307
4524
182
2039
2624
335
3217
2024
4949
3351
2036
446
2212
775
705
1686
1602
4526
2973
3051
782
4244
4744
3932
2434
3354
3735
3544
4967
4536
1365
2716
2257
914
3981
354
2915
3850
3178
384
2195
1233
2950
4708
4356
3899
550
978
3423
2943
1114
1596
1992
4894
2607
1958
3856
211
3809
2392
4616
1356
2558
653
891
2136
3867
240
1240
1001
2119
4361
3910
468
4133
4315
258
3316
3433
183
1338
1271
300
299
3699
904
2102
1930
3365
4187
1876
2418
1999
2683
644
3404
4464
1911
4468
454
3637
2843
1870
229
4385
2520
850
1945
4291
1353
2565
1595
4908
4773
76
3474
2512
1431
3622
4229
3930
1598
2336
1419
4181
2568
4921
672
4372
924
4680
1577
4685
3349
1573
2451
1697
475
4958
1604
3291
1130
713
1632
2834
3670
2586
2395
2632
1755
1107
4771
1433
4242
4666
2279
3706
551
3679
2416
2659
1969
3328
438
1696
3056
3220
479
2686
4554
1944
1891
4026
3148
4556
2198
3398
137
1615
3628
1538
2627
1994
2613
4634
586
1955
3403
4844
126
2185
3646
4425
202
4219
2572
1309
1616
2668
3564
4651
8
200
843
1913
4881
750
4346
4018
3250
2774
3985
4271
4211
1824
2320
27
1350
3315
147
3113
3814
1416
2114
3355
54
4841
2697
4730
193
4631
4456
2949
3079
2226
2743
4065
3169
308
4058
4292
1324
1227
2723
3904
2837
61
3959
445
4260
4798
1691
401
87
1651
2684
539
2634
1717
4316
567
3926
4712
2243
1547
2350
3481
728
4669
17
2590
1177
2274
4155
2629
3937
3331
3876
26
1563
1187
2863
2643
2298
3913
1873
4547
437
3751
3745
4008
2401
863
4083
2916
795
2278
1661
2245
4218
281
3625
4183
3489
344
3081
4576
4614
4981
1543
4661
4031
2321
859
4245
117
1005
992
735
1607
3941
2282
4176
1888
1246
4952
1072
2524
2847
4053
3725
4132
2641
1820
1056
1658
3760
1217
3325
1323
1393
4655
3505
4419
4041
2932
3684
2682
1766
256
2447
1134
691
480
4455
2508
3430
2685
1042
1624
4261
734
453
4362
110
2604
552
2488
3506
2605
3374
466
883
2636
1122
4699
1279
3016
2538
2070
2523
878
2080
3361
2751
2962
3648
3795
1781
3954
715
3425
732
1924
415
3650
4641
3627
3781
3159
92
3805
2069
4613
4301
129
3557
2012
3008
1105
3371
2890
977
4160
2689
2405
1247
4581
3292
809
4632
4492
2223
3205
3068
3969
761
3705
3414
3215
1957
1687
1480
46
3401
2597
860
3995
4158
409
4256
2010
2368
316
2984
4391
1754
813
3662
3059
2365
4589
1909
2286
2667
1784
706
2456
4997
2153
350
2240
2310
4673
1277
1552
852
4092
3478
2849
387
4769
195
4351
1359
1639
1000
4374
2728
4322
2951
3462
1795
3563
1453
1208
150
3457
817
327
4665
2619
3434
4280
3102
3758
2756
4693
1522
1391
390
1850
1499
1215
542
840
1521
884
3099
3350
4257
3943
2460
205
3175
4390
4586
3494
3609
4898
1475
4273
487
3339
1786
4606
3219
845
2725
3010
3438
3483
3104
4059
4098
168
3242
4996
4939
4057
3595
2701
1677
4960
4236
1926
4742
410
3588
2635
3456
1950
2281
4833
3229
4022
1605
4786
4462
4162
2151
1996
3048
2929
1510
4835
1121
1384
3804
359
497
1314
2391
408
1922
2148
4583
2867
3390
4945
1060
3444
470
2334
1228
2647
940
4168
2125
3784
530
988
2454
4789
3879
2889
4438
4842
4707
1544
4029
286
179
1569
1593
4429
199
2211
4543
4039
1150
365
1985
678
3232
784
121
1022
4122
2833
3448
4684
4832
2860
1417
3978
2786
276
148
3005
3061
2218
731
2543
3002
4282
3971
2196
793
3871
2246
911
2095
4459
2157
4807
395
3485
2609
2123
242
3166
458
443
77
1858
3060
1855
513
1827
2060
1013
4959
4971
1657
1721
338
2141
1321
719
3863
1213
3514
2272
1446
51
3747
2204
1435
972
4243
3360
2968
3594
2557
3739
4131
2155
2706
4035
224
2776
2428
3018
679
3082
1196
4440
2172
1457
2941
4664
4578
1397
2828
2056
1459
380
488
3013
4412
3477
4426
2432
1566
4922
2344
2700
1083
2749
4341
4012
3956
4487
832
1720
1164
2433
3408
318
1178
4368
2291
769
4342
3568
837
4956
4753
1664
3109
2887
1474
3198
2256
3833
4204
2376
2127
3671
563
3665
232
2575
2933
4182
3076
3512
4737
2104
1768
78
3830
2486
4734
1195
556
1559
1782
1830
4310
4683
1948
1149
751
1266
2630
866
4809
3947
444
3267
94
2145
912
506
1025
108
875
3097
3523
1375
2427
4870
3187
1722
4815
3041
1162
4383
2266
841
3156
2870
3619
1278
2262
4918
1145
2242
800
2008
82
4571
4793
697
3029
3689
2348
3922
4572
589
1345
1035
3464
517
1175
1115
35
1568
2101
3573
3653
4982
626
2924
2341
1285
1829
2324
927
4046
4375
615
197
1995
1856
2881
244
4587
3258
3755
508
1361
3645
4816
4253
4662
708
689
1892
4380
1629
4042
90
1222
1088
2673
3098
2555
3035
3000
4081
4672
4840
3642
1872
942
177
4686
3560
323
2957
2201
4338
1343
2640
4813
1441
2138
2258
3131
208
3141
1385
1844
1236
4330
1941
2547
987
503
1796
566
873
431
4604
3032
548
598
3718
3493
1726
2564
3497
748
2626
134
877
3380
2644
4068
960
1017
4224
930
1133
1864
4768
4886
3237
4353
364
4091
3685
1020
3322
684
4745
2903
4804
1317
3466
4667
4687
727
3424
2848
4263
1484
3842
2829
2947
3968
1463
4920
867
33
403
3280
1932
3865
41
348
3127
3680
4365
631
1326
4594
1740
430
2438
3994
1659
3613
733
4140
4731
3091
2058
1306
4082
3864
781
1469
4694
1210
3359
984
3753
2357
3463
2471
3413
4872
2905
2046
1541
1942
469
993
2992
2105
574
1694
3086
1111
4314
4879
3551
3172
2764
3678
4323
934
948
581
1167
3334
4668
1434
1961
65
3492
1129
4542
531
1803
1207
3279
2073
1557
2129
3
2980
3200
1328
4657
3607
4523
2707
4907
2224
1064
855
3873
346
4463
2954
4445
3139
448
3546
2216
1960
3791
4507
1506
2462
2194
1708
1144
1805
2328
3821
297
2576
2911
2317
4326
2928
225
709
116
3979
632
4887
544
3142
1101
2409
690
4817
1040
549
3094
2998
4987
4914
1349
4506
2075
4283
309
3261
4605
2364
1424
2112
3500
1936
3049
1063
187
43
2315
1038
4054
610
4942
4652
565
4762
4607
1562
4758
3176
594
4084
4675
3623
619
4363
2745
3892
3352
957
1253
2051
1143
1151
4595
1367
4801
4231
4135
1859
2591
1430
4663
1662
2261
1483
869
676
794
2339
3298
2611
4940
710
559
4016
4171
1335
4888
467
3233
332
351
2386
579
4272
695
1993
1946
3918
3923
990
3903
4284
2084
389
3241
4100
1336
84
1548
2481
1055
3266
2981
1070
1044
3356
4531
3621
2704
1334
661
1252
1560
3188
1092
3377
3211
4117
2612
1914
2001
870
2122
4565
3638
4754
4904
1379
2824
4893
4226
4388
3851
540
1623
3073
836
4568
2005
3766
3927
412
913
2997
4395
10
3720
379
1193
4560
968
3170
511
2159
45
1281
584
4237
2007
726
3421
1485
4617
861
3047
2599
4336
2304
2009
3640
4139
3681
2688
4862
1184
4990
2356
2071
1727
4486
4995
1293
3924
4603
4415
807
3872
3520
3586
1512
4911
2722
1270
2628
2333
1283
4209
4931
4215
823
611
2755
2343
2977
185
1600
3009
218
4400
3301
687
1663
1011
228
4626
34
4074
2994
895
4719
1030
259
2074
1883
669
4532
3738
1614
2999
2354
4671
2476
973
4857
1531
1832
2032
1997
2935
3701
2617
4796
1138
158
3578
2993
4088
1237
1556
991
190
2964
3447
554
862
2092
1091
4222
2448
4066
362
2131
620
169
4601
4240
1500
842
770
4254
4713
157
2303
3282
1534
804
4682
2600
2666
1300
2661
1818
2414
3245
1127
1841
1225
3656
755
577
777
2379
1221
2744
4845
1381
2371
4791
2518
2970
4394
3020
4431
2907
1549
641
2287
1837
3965
900
4600
152
2809
2544
2187
3050
4121
3953
4051
4892
660
4195
557
2708
1071
3040
2526
2720
2986
2702
1298
2346
216
186
310
2621
2996
4747
1974
3839
4495
1962
3719
3216
1139
2241
3516
3746
1734
1978
2946
4233
1400
4056
113
1075
4268
2645
2717
1701
1761
3223
4877
2355
680
3106
4111
235
2458
3039
4190
3572
547
3773
1050
3333
4781
2309
1186
459
2693
178
2816
74
115
2174
4189
4638
4078
432
3817
1851
4443
2616
2375
3774
2820
4591
580
700
3825
4501
294
4142
1047
156
3668
159
4433
4966
2983
1518
2038
1580
4648
1752
24
4691
1504
985
1494
2086
4483
4288
3274
894
4348
1080
2945
296
2811
4827
252
3820
329
4027
2208
220
2053
2940
305
3673
291
4957
3612
2976
952
3277
3107
1636
854
3793
3608
4936
2917
738
3914
4515
1807
3762
325
3852
2103
52
658
4726
2898
4141
1774
3617
2584
2525
311
4465
11
1673
2230
2464
2161
3134
818
624
871
896
1791
3343
3503
3624
2792
4878
3034
1882
1282
3780
3533
261
1706
3555
1220
3182
3843
2022
3437
4725
4247
4125
3065
1251
821
161
2812
2177
898
681
2485
2035
4516
1264
1155
3657
2044
3184
2680
4389
1503
1437
3652
596
2958
3761
91
4013
4812
2021
762
4439
2493
3654
1123
2014
3067
1206
1458
3089
4850
3869
1315
3620
752
711
2099
3043
3120
1975
3797
4208
4582
935
4828
3700
2087
1407
3769
1536
3906
1525
405
32
3121
2150
1046
2180
753
4716
1147
560
2830
4539
4205
4096
4331
3323
3144
811
2271
4206
1709
4021
4259
4901
645
397
1447
1273
2713
1371
768
2514
4101
4163
436
2670
1515
2063
4859
2474
1132
3767
785
1804
694
887
15
1415
1550
2139
4473
3129
3951
3093
3246
2349
999
19
2620
3389
4488
1794
36
3687
3499
1990
2284
249
4577
495
3394
572
2193
3162
3694
1288
3151
3026
3341
3666
3975
1258
1296
2990
969
2479
601
3958
4297
545
3431
2642
3453
4643
3435
3490
4230
3469
4396
2733
2654
2302
1919
4138
2097
3118
1590
265
1968
4563
2255
1425
2583
1927
1976
1765
4379
2016
336
3033
464
1405
4619
3022
3896
1332
4157
4148
3886
903
3368
4557
3522
1520
4149
2399
4418
2855
2501
3554
3752
3874
865
471
2556
20
2892
4700
3262
1460
4484
3303
1331
4701
925
2909
2775
4196
1921
4728
1117
964
908
4909
104
246
4421
1984
478
175
96
3019
1714
2466
4695
122
3160
2106
4941
4993
778
3180
4890
3498
1808
4178
1613
417
3103
1628
3591
4386
949
2730
4896
2121
3470
1695
2528
374
4608
2726
759
2979
989
1136
3324
3915
1733
4546
2269
2228
4711
1741
2866
774
2818
1887
2483
776
953
1448
1422
3386
4355
1148
4834
2449
849
4377
4446
4269
3587
553
1730
613
2067
616
1952
3798
3823
3342
2869
2301
4414
2790
1201
3770
1540
4509
1526
1555
2455
516
3393
100
2596
1742
3387
3422
2515
4854
3007
816
4529
2737
4811
4628
3136
1019
3933
879
1100
915
3011
3631
4979
3771
792
2446
4009
2028
1685
3730
4449
4089
1007
3831
648
2927
3806
2072
1465
2065
2430
4696
3997
423
1297
2408
3357
3868
3599
3641
4
3615
828
1899
2381
2042
564
4538
4376
3928
2773
938
3117
97
2345
2459
4170
3455
2814
2252
2561
2884
944
1674
2423
2664
1204
1036
1746
2886
2457
4913
4328
1026
858
1408
2382
760
4873
174
3309
441
1905
2513
145
413
2677
1894
2006
4124
3816
703
788
2800
1058
4430
1610
3248
3426
2206
1205
4869
3488
4933
582
3429
941
3908
3829
4001
4295
1780
1106
1817
1819
4525
3976
2002
3145
4710
2671
493
2505
693
2222
2548
2900
4644
541
1744
4902
1239
1825
1257
1157
3486
4151
1110
4718
2839
3177
1180
4963
1029
717
3616
239
2868
1940
3409
1707
2183
1478
1770
4905
4545
2857
4717
2573
4427
2753
588
4197
378
979
1716
950
1464
3053
3948
4106
1202
1532
737
1879
847
2045
434
4646
1102
2894
3840
4063
4076
747
1572
4119
1098
4248
3502
4410
3057
3724
2923
4540
4072
3030
654
204
1346
1368
1059
128
4309
3108
4337
932
876
3837
1647
1409
167
4384
1634
2137
714
4729
3054
1079
404
140
1619
498
3834
882
3902
4114
463
3135
2426
2029
2369
2552
2831
2200
86
1834
1591
3787
3290
2360
1471
3854
1738
4569
1358
1438
2902
368
2373
3244
4216
3058
277
4864
2739
2294
1982
3510
1620
4038
825
2297
3519
1937
2768
2961
1884
1748
1183
2893
3800
2822
4471
3143
243
233
2199
1398
2827
4999
4373
1622
3312
1523
4067
4895
2736
4814
2124
3973
1420
3124
4843
1991
1862
1772
3848
4794
414
4153
767
3105
909
4332
1675
1351
2545
3482
1712
3415
2260
4866
671
2763
603
827
3383
93
2160
1574
2445
481
1809
2963
3491
4228
3214
2503
1611
4437
2974
962
420
2306
2953
2914
1084
3149
3001
2404
4876
4317
1327
766
377
1387
3236
2347
3012
4584
3346
746
206
4765
3278
4573
4366
3832
4799
4265
2034
2836
1527
4305
2944
3445
4597
4763
2370
2186
740
618
2040
3818
1146
2588
2602
1759
3593
994
1897
3224
3934
3589
1517
3675
546
2872
1185
2813
646
4950
4489
1396
2770
4980
4681
2247
2235
1690
2394
109
1268
73
764
2710
2760
3893
4670
600
191
4287
3313
4193
4928
2563
2691
3441
902
3243
2384
543
2082
1061
1066
2832
3024
1705
4596
4552
4493
3698
3524
1783
1290
3734
997
4397
1903
1799
1645
1468
4553
4416
2681
4855
749
1898
851
587
2192
2971
1798
4767
3268
231
1553
221
3980
4602
2209
725
1828
4986
686
2108
2461
4461
3736
3364
3287
4622
730
230
1621
4674
617
4485
1015
4703
80
3123
3206
2882
3014
1322
568
4504
3412
424
4172
1963
2781
198
4824
1953
1977
1902
2205
3545
3265
4327
1305
958
320
119
3895
789
4399
4943
3552
2326
1886
3330
3196
279
3991
797
4435
663
3362
1612
4491
4787
1445
50
4481
1920
4478
2465
343
3597
4345
4847
132
213
2606
4919
3272
2840
2152
2625
1507
4875
3158
3990
1923
3744
2318
4275
2335
4126
4630
1949
1360
2615
4574
4736
2233
3945
2504
3697
2517
48
3115
1081
2796
1954
3226
2421
1815
4567
3553
3860
3723
2133
3992
4912
3165
3715
3376
1427
2367
1704
1126
1693
2419
3366
2897
2783
2810
1907
1428
3808
3749
2567
4480
2537
848
2057
625
4044
974
2779
1806
1171
1737
3559
2845
3190
3838
729
3584
1947
31
3384
1160
317
3909
2734
2759
4678
1635
801
2698
4992
3052
3230
3841
1869
1934
573
2098
4819
334
3810
2420
2991
3395
3045
219
2648
1965
4764
4649
4032
4050
4474
1054
1542
4562
1845
1928
2156
215
1191
2797
3813
181
4882
2221
3183
1265
4780
1692
630
4104
2091
2100
3286
4049
2144
1842
1392
283
3096
3140
2191
264
255
2975
1756
3707
3667
3195
2338
3844
3459
1094
3677
724
1388
2920
1439
2864
3530
2417
555
2804
62
1466
2988
4113
3569
4647
4048
4825
3846
1565
4858
2817
743
2076
2251
4393
621
4756
720
3379
2522
2253
2227
3329
716
4510
2054
3186
3742
4923
3338
668
4856
72
980
2358
790
3221
1575
1762
4442
3293
1041
2967
1429
2574
3150
2296
2181
1476
2939
1140
4290
1725
4929
3961
2858
40
2658
3532
3074
951
831
4420
523
2959
3028
4790
3443
3562
3900
4499
1511
890
2393
4174
4806
4702
2027
3702
4340
3197
4496
1473
3405
4118
1676
3317
2182
2313
330
593
1181
2236
2340
803
2651
4352
4294
1248
2987
4128
1711
3174
2926
599
496
4970
4502
2891
201
3083
1669
349
114
3181
3525
4212
2805
4978
1749
28
520
527
3337
2762
3996
1867
2380
1893
4991
1262
4047
1735
4924
4910
1313
1833
1028
4090
4851
1631
677
812
771
3063
501
3295
245
3480
12
482
885
529
3025
2011
2738
636
2529
319
477
2225
295
4086
2560
3537
4087
4392
4779
1188
2876
4592
510
375
3955
2562
1142
2546
2527
1576
3614
2166
3939
1778
6
2203
3299
2765
3859
1128
4865
13
3208
3782
2566
164
4748
3543
532
1104
4179
963
4903
1868
4830
2582
1846
4264
2910
4593
1488
1456
2650
1223
1037
2239
3880
1680
3235
2398
3066
1640
3661
2741
247
2093
2570
4023
2165
638
696
3692
4511
3765
494
2329
2023
3228
1006
2280
4200
4319
2059
1192
4609
1412
460
3740
1461
4080
2841
3676
4192
1785
165
2366
2533
2064
1998
612
394
2942
522
2918
3307
2534
1232
56
2536
298
3647
236
4535
4782
426
3479
1753
3269
3518
569
1757
4555
1238
2754
3634
2111
3726
4585
4612
3392
4885
2314
1016
4846
2919
1152
3257
3789
1224
1354
3693
3314
4349
1173
3581
392
3185
4983
1330
3347
1073
2453
2904
2189
4213
4454
4640
3792
2412
2431
4797
1141
2383
853
3704
3487
1906
1482
2578
1053
1116
1885
4629
3084
2013
4770
3911
1916
4740
3540
1362
492
4533
2639
321
773
1773
967
4994
248
3296
1023
2777
4706
1587
665
921
124
1586
741
2146
3561
2758
1357
3777
64
1539
307
880
4871
1836
4062
835
1970
4724
796
2622
1153
4849
1767
143
688
780
155
4217
917
2507
2646
765
2719
1414
473
3281
3580
1342
3794
954
701
1477
1793
106
2190
2502
345
3388
3759
3111
3989
3069
605
814
1579
4709
4889
4590
4774
2134
3521
1854
4034
965
4775
1617
2149
4225
2184
425
2295
3571
2581
1839
4934
810
2747
4776
538
2821
1308
4863
4220
3406
1076
484
3639
2176
667
266
1971
0
4450
2207
3696
4223
4154
4917
4359
1432
4692
3273
4109
1983
2598
4234
2265
4720
2896
1641
3240
745
4656
2337
4249
1650
1377
1339
4447
4937
107
905
1847
3786
3090
4343
3501
29
89
3835
3284
3289
970
241
502
144
2499
2694
2285
2031
3378
4935
1137
3891
3363
1455
815
1124
3629
3432
3340
3038
3888
1583
1234
4123
4079
1665
704
2020
3536
3695
25
609
2906
3938
4777
1493
2163
1219
1235
3327
486
505
270
2308
63
1655
4778
2937
339
4033
2966
4407
212
3308
4186
2995
4623
4927
3021
3630
4370
899
1370
936
2004
2510
1203
763
562
3857
1032
1792
1179
1087
4127
2415
3446
474
4129
331
2231
4378
2389
1244
369
4654
981
4004
3966
3238
3669
3305
1068
3179
136
237
2115
1096
278
857
1410
1843
139
4551
4880
901
1369
4360
656
2077
647
4948
272
4615
4000
1403
3983
3998
1776
888
1373
4184
3722
2048
2249
3596
254
312
217
2542
1529
151
2750
1304
2079
2130
3754
712
382
3690
2312
3577
4784
4408
88
3984
4325
3251
651
304
1801
3605
1626
4358
2018
4019
2851
355
4977
271
373
2795
3372
3306
214
3862
2767
402
4688
1764
3213
2353
1355
2853
4955
53
754
111
4527
44
2263
4541
1003
3916
535
71
1979
4772
4521
4503
203
4761
3779
4766
4826
578
103
391
23
4279
1374
2541
4900
2587
4985
4333
1900
4968
4494
3897
2761
2109
2801
3326
4530
2888
1312
1649
3964
153
284
2083
4150
4624
2638
868
2238
189
2232
1787
4267
4017
2254
2352
416
1578
786
342
3202
3940
3259
4246
1751
452
3988
