2928
2612
2313
2034
645
1203
1940
3708
2862
2776
909
2810
3695
522
3120
2527
2018
1816
2732
3130
14
1591
894
128
3742
1805
1646
3135
2510
1018
3960
3128
1048
2898
3698
3271
3342
3500
1321
3426
2967
1589
3542
2203
2668
3352
2697
1099
3396
407
557
327
239
2047
3408
518
3616
1601
1537
1811
3228
2240
3059
1641
1670
103
713
3583
2712
2796
1535
857
897
2850
821
3084
2232
637
2023
2552
1755
1875
2255
1412
867
2184
433
2960
3280
1569
1179
1733
791
958
2465
1732
3069
1106
976
3570
2388
2838
2157
2449
2541
3948
3636
1110
1834
3099
3843
1056
3624
43
938
479
674
365
1307
139
1868
2432
2846
1161
3375
1259
1870
2042
848
316
3373
2229
777
1057
1876
1978
1857
1494
3600
1842
3189
2306
2704
739
3916
2469
3546
1108
2252
3353
3381
469
1545
3093
2146
1663
1714
1231
216
283
799
1707
2537
1301
818
3119
2858
1801
3509
1659
1675
1446
719
3422
3866
50
2827
940
1836
2017
1979
2464
933
1421
1673
1276
1993
3877
3880
3607
350
982
2105
1431
1160
3282
66
1252
1385
677
962
421
3067
1888
1001
830
2326
2397
395
676
1943
3168
414
468
868
3377
2131
1420
641
1913
2777
975
373
3857
453
1902
2797
3139
3173
1804
2568
1794
3459
2962
545
2710
2372
1021
3748
910
1541
957
686
587
754
560
149
1757
3292
2331
2488
2213
3803
3176
1893
3335
2116
1140
2373
2953
1925
3014
376
2268
3248
1898
381
3073
507
850
1384
3235
3230
1960
3668
1555
1772
3817
1544
420
2655
815
2678
206
886
3071
3958
663
2133
2507
234
920
1655
1228
3984
562
2316
3629
992
3206
2621
2185
2824
3214
2244
3918
930
1882
3913
332
965
3286
2750
1315
2365
1798
918
3935
1121
1994
2921
3783
871
1287
3285
2667
3994
3081
875
147
1381
952
2096
2779
2994
716
35
3079
2586
1189
2641
28
445
120
836
1596
170
2546
1399
1272
591
3149
2233
3630
3188
2945
684
482
93
2714
627
329
2302
3187
1914
2046
450
3867
3123
2672
3647
646
956
133
2028
745
3902
1270
2291
3236
2489
2833
2996
3795
1009
3007
1889
2071
3220
1549
1633
1470
2434
2094
3763
3863
1084
2613
2134
3372
1789
2902
1028
2104
2238
2981
2129
3954
1650
509
3697
1578
1624
2495
3557
1174
3764
267
3374
979
1763
3869
2876
253
3207
432
2399
1848
3174
3493
2598
825
341
3200
761
259
3627
2535
829
3046
2530
1388
1274
3693
1661
728
169
2742
905
2360
2660
328
1561
337
3567
1715
1636
3834
1628
3440
172
3544
2496
3787
1041
231
409
2416
92
2020
2812
3545
1632
1247
430
724
731
1579
2914
3162
74
1758
437
69
324
3436
3358
624
2873
1467
1942
580
315
1553
2711
1822
3070
2152
2182
1782
224
2413
3211
3232
3904
2893
1386
3836
1042
387
3540
3528
3402
941
1455
2278
2386
2342
3
2081
3768
249
2916
994
762
1491
3605
459
1278
1981
2209
2659
2234
3175
3313
3277
2890
2652
1409
3659
228
3551
563
2441
2463
1239
3181
256
1360
2841
648
2427
741
738
156
2367
2726
1058
2553
3766
2744
2626
3273
12
1618
3300
3182
190
1568
448
2563
537
523
3552
2121
3701
1511
40
2040
1204
3472
3530
946
3717
1611
3015
3840
1608
2215
1003
3110
901
2343
2242
872
2771
3370
2022
2973
490
1212
2804
2860
3932
1325
1730
866
2166
1660
1183
793
2562
3939
1672
796
2600
1265
3571
84
2800
268
110
1260
2349
2498
1258
410
774
1577
390
3601
1509
1076
3288
760
1379
790
1523
2715
1013
3702
3816
180
334
1724
3247
3003
2787
1375
2915
1557
125
3539
681
2818
2267
2050
685
634
21
2757
550
1314
3675
2933
502
2170
1093
3376
3915
2971
2307
3243
438
3145
3395
3382
3881
23
3152
314
2408
3899
366
2645
3807
339
2138
749
2852
853
20
428
1818
2149
441
166
533
2037
1299
602
2972
1517
1067
1474
3639
313
1475
2461
525
3082
396
104
70
1432
1767
1109
647
2249
3357
667
3226
2334
1962
3284
3166
1064
2077
2344
3326
2522
960
1256
3911
1785
775
3061
3360
312
129
3406
2288
1592
1178
672
3703
1416
431
619
58
3024
2786
1924
3621
3566
778
908
2080
3591
291
839
1323
1073
182
2390
3442
3418
2982
3652
508
2128
3934
2853
3760
51
3124
2795
3471
2765
2437
100
3078
2223
817
2975
3514
1619
1923
849
317
3502
576
98
3516
887
757
1788
275
755
375
1417
1435
320
2029
3547
2512
3453
2681
3889
1743
3465
309
631
3143
2950
3137
2068
1814
718
1671
402
105
397
1602
3928
1736
1210
151
1666
1958
798
1803
3296
2798
3127
2
816
356
2644
2935
3872
3690
3575
1777
1725
2061
1285
3927
824
318
621
285
3344
876
3441
2457
2475
3833
981
2420
3792
2282
1919
2256
1665
3225
3052
2910
607
2724
2937
936
418
3739
2162
2654
2906
3164
16
929
3303
2831
3250
2822
2879
3466
3735
2317
2719
1861
254
3974
584
2693
1303
1617
2169
3066
3741
2482
122
3122
810
222
2808
2366
3582
1235
2114
3573
3883
3549
2885
3151
2103
561
928
1410
288
1580
3340
3606
2101
153
2451
688
3847
1506
2115
258
3789
2120
3837
361
3498
3799
1990
714
814
3878
3427
3328
3876
787
3154
3051
426
3260
2988
2425
3251
1188
2826
3009
3610
2814
2929
2784
1442
1428
1322
2426
85
3946
1953
2708
3910
2694
916
2875
2961
2454
2474
1368
2785
2265
2721
3870
3999
1761
42
1514
3998
1582
3838
1302
2384
734
1538
2736
655
813
1185
168
3113
2923
1841
671
67
2886
1623
2877
701
1242
207
2428
578
2183
99
3774
1536
2987
2031
1383
3446
2035
1118
2634
2359
3942
3261
3488
1593
2033
3337
3180
3125
3448
187
79
2070
1954
158
3743
2825
2700
248
1141
748
2171
1859
1884
1498
3355
1825
2010
2354
1792
834
293
2136
379
2335
1397
1254
896
2383
3894
2142
476
3896
2452
3080
1294
758
1604
515
2720
1438
1015
13
2566
2072
290
3297
2685
2376
1263
3561
2760
304
2968
772
2245
2790
1773
1177
478
3674
3366
2597
1201
3995
2057
3191
2980
370
276
3755
3811
1162
3926
2271
3262
717
3515
968
2956
1612
114
3345
1843
1547
1776
2580
1036
1062
2727
852
3634
833
3804
3385
2540
673
3597
980
1469
1717
2551
1780
2934
3648
3538
1752
3615
1683
2430
1223
722
2144
124
1280
367
1688
300
2881
2919
969
1786
1046
447
2502
1222
3581
2943
2000
657
3246
3131
629
2429
3484
1595
2154
3279
1207
1507
2880
405
1985
3140
1738
157
2706
2321
3677
3390
1275
1909
1391
2615
2290
2747
1227
1166
2417
3901
1044
1669
3842
1846
1052
1195
3016
1448
3835
2684
3684
1625
1466
2558
2582
1620
280
3265
3651
1726
1219
3526
586
408
3503
3083
3034
3163
1209
2013
161
3241
801
1828
1689
322
2666
1472
3257
614
3006
2966
915
3497
1680
1706
3914
2567
1401
3161
1101
1151
931
1460
1973
1748
142
3933
342
535
3299
770
1598
3094
1699
1290
3694
1081
1564
3854
1928
3577
3089
1098
974
2954
1019
3437
221
1136
1094
3020
1119
526
95
2299
3001
538
2867
159
2702
1485
1938
2840
3242
2021
3126
2683
3920
3387
746
3085
191
2404
492
1330
1952
1313
1674
2415
542
3678
2210
3055
2593
195
1283
494
202
3461
581
1216
2243
3195
2737
3593
3692
5
711
87
2478
2163
1969
632
3301
423
2164
3384
3254
96
3790
3945
2253
932
109
1961
2059
2922
1695
1797
2931
1104
1572
1349
1355
2219
130
524
2948
369
3989
3908
3505
2058
2289
2977
3477
2012
2381
310
800
600
1795
1647
411
3937
319
3912
2352
1047
2480
3392
925
1175
1063
3077
359
1849
1930
237
1977
3903
2009
2501
3201
498
696
859
2517
3039
3172
3486
2734
2870
3104
1165
1844
3750
3687
1615
3316
2679
3098
3346
2677
513
82
1462
3537
978
3782
999
442
1112
1727
2515
2713
1373
1737
3673
1984
3771
2462
277
3951
808
1912
480
2526
589
642
3319
1072
141
2193
3510
3447
3969
2207
1891
3363
368
3263
3714
3587
854
3724
1613
3923
3980
1667
269
2007
2925
1686
1762
1778
2387
344
2636
1739
3030
3868
2884
2534
2477
2241
504
3644
530
1719
1645
65
78
3356
2194
52
2503
847
2001
496
306
2458
3576
1149
3281
1587
2002
740
3767
2212
3808
527
2603
1516
568
454
3829
3111
3726
845
2574
1311
1933
2494
3986
2631
25
1347
569
3936
1908
1424
565
1855
2832
484
1527
294
2300
1327
2828
2122
2332
1999
666
3416
1543
88
3240
2696
2958
1024
1746
1556
1819
36
1079
1871
2587
723
1309
3638
2111
3676
2186
3482
1947
1702
1429
2802
1426
2443
83
15
2642
3543
24
1362
3825
2264
296
566
1904
303
1138
1852
702
108
501
3199
2816
2614
3860
2570
11
2369
1116
1237
3095
2418
1955
3725
3976
2079
998
972
1320
2132
229
3784
3053
3424
493
640
3198
2609
3968
1504
362
1310
764
213
705
3481
1137
3707
3146
2585
3399
3785
2405
2270
2036
855
3507
3361
3054
3221
2908
289
3369
2274
2201
1214
3339
338
3432
3160
1643
861
3740
3849
3287
250
2008
704
223
155
1169
2468
3873
89
2555
2680
3780
2946
3237
3087
1996
601
1326
987
1499
1300
2951
2398
2139
2793
3042
1364
1124
2345
1558
3541
3564
2481
2717
2005
2901
1184
2863
210
971
251
1249
226
240
3278
823
3048
3401
935
2198
3112
208
3730
2400
3578
1682
2500
1153
121
519
3150
789
838
3040
3864
3449
812
1092
3272
658
3680
2409
3504
1354
3118
2525
1359
3105
2575
2524
1729
3844
3165
1972
3144
2949
617
2195
3761
638
3568
46
2839
3661
3802
3317
1937
2905
2030
3194
2382
2065
1329
2339
1883
1305
2350
2903
3041
944
2635
265
2159
1885
2913
148
595
1489
3997
3203
954
247
1700
1087
3213
3068
3419
2357
1245
2854
282
3017
2768
1824
3975
773
3529
2318
1864
134
2305
510
2045
712
97
2871
3604
3121
3809
3267
301
1142
1164
3772
117
1922
3475
2930
80
2869
3683
3641
3756
3947
3569
3646
3295
1479
1392
2052
2940
271
2581
3732
3818
945
3092
934
2772
3517
3856
996
2327
378
3074
1487
176
2179
165
2286
2638
3403
2605
3478
2687
1526
2407
3663
126
2220
30
3421
3963
983
797
72
1929
827
2124
1419
3832
163
877
2123
1723
3534
959
1959
2225
3101
3699
2095
3368
2811
1033
890
1061
1269
3705
1986
3266
923
703
1967
1186
1236
516
756
1190
3798
57
1163
3626
3865
2952
360
3518
2275
708
709
2098
1065
3388
2422
1225
2433
2610
1055
1390
1077
862
937
2323
2792
2025
199
1358
599
1443
3890
1352
1766
1111
1765
2276
401
612
1040
1711
1298
3348
2324
140
503
461
3270
1337
3394
1980
1154
2663
475
3893
1078
2578
422
3485
2596
3882
3321
1418
1144
22
2936
203
1640
2442
212
805
3025
2444
136
1800
3786
1157
3727
623
2675
2595
3831
664
1319
2844
2472
2112
1089
881
3457
3109
302
59
1284
3965
2097
76
955
262
1477
415
193
3536
699
3751
2338
1546
2337
38
1167
3970
1542
3499
333
2830
1369
3398
2576
3222
242
3666
2888
873
2156
2319
3949
2484
1997
1995
3470
2014
3096
3781
1039
3252
2664
2490
2709
3919
209
3349
487
3133
2262
1820
3117
1233
1897
1130
2670
2763
585
3147
3445
1734
1413
1502
116
3309
326
1563
2628
1903
1180
2591
3064
3329
1049
1338
1468
2364
1916
3359
514
1376
660
831
2648
3628
884
2067
707
2032
3609
3711
3464
1934
575
2911
178
922
570
644
1529
3204
2932
939
964
919
3682
1277
898
132
2990
299
3713
643
3938
572
2347
2753
3029
3452
3178
3413
2351
2647
2237
53
788
1343
3489
1858
2775
837
2669
106
2483
3454
1693
2148
2308
2992
3227
27
3306
2619
609
2284
3745
592
2396
506
137
1988
2646
3037
1281
1200
882
1634
2377
2738
3617
127
2865
3550
1817
795
3731
2424
63
2749
2783
1
3796
264
3350
403
1345
2087
1784
1687
2487
1664
3312
3148
1744
1217
3895
1721
355
1679
670
2412
3929
3554
3138
2257
2549
3846
2370
3435
3943
2375
1026
1425
3721
1735
2676
9
41
1790
1473
2258
1944
348
1194
1146
1297
1833
1718
3196
1528
1405
3159
1000
2602
3815
2904
1453
1006
628
1731
3700
3775
3527
2401
1196
2486
977
1810
1193
2599
3688
3848
544
1170
1532
2330
3249
1500
2730
3184
3057
3813
603
3759
31
298
449
1522
439
3428
198
472
3778
2508
3132
3777
2044
2861
457
1452
3664
101
1657
3383
391
3362
1415
1644
1380
2927
3620
2657
1567
763
3476
3043
2446
3635
2859
1444
3423
3851
2939
1575
856
521
3231
794
1291
48
1600
2889
3467
665
3141
2188
769
1123
385
419
2269
1382
3930
1031
3480
687
2857
2239
1915
2820
3351
1289
3749
3884
1631
3776
3850
1490
3185
1439
3525
2836
1255
1887
2499
1531
608
1791
1720
1436
3704
1534
3953
162
1451
3619
3491
2153
2205
1753
2353
606
175
3589
3632
284
3560
1148
1331
2505
246
3614
1573
236
828
3633
986
2476
1951
3972
219
3304
2983
2722
3469
1550
730
558
3155
292
393
1059
2511
534
1513
2778
188
73
1493
2277
3244
953
305
499
1826
3479
2627
2547
2181
2135
1080
3562
1651
1440
3791
2705
131
3992
1213
3310
1709
33
1872
2513
2292
3473
860
1716
2864
559
1120
112
3823
1447
2550
2272
1129
1554
358
1105
3940
3720
3391
1122
3729
3723
1853
695
1488
1590
1918
3314
2380
49
3859
3618
8
2868
473
3323
698
1060
1022
3737
3660
3512
3216
2048
577
1860
311
1082
185
556
3654
1147
201
2266
1865
3157
1027
630
2125
1639
2479
2754
1023
1764
1931
3982
1348
232
3379
3888
1038
1869
272
62
2807
792
2639
2055
1271
2979
3008
2701
1459
3839
39
1697
111
2421
832
323
3045
2622
1478
3049
2728
1461
2993
3409
1202
1366
2756
3814
1389
3758
2658
961
3050
2208
2078
765
1433
230
2175
18
2794
781
1597
3665
3691
2538
279
3689
1199
2296
2273
2703
171
146
682
3819
485
1017
2947
2056
2604
802
164
1394
669
1863
1406
2493
1356
1454
927
1694
2140
1308
173
446
1407
2671
4
2866
2620
2100
2083
2533
3100
1539
1008
2158
1783
883
215
184
1357
2325
2320
1131
1622
529
3891
697
3754
2584
742
661
2770
899
3574
842
786
2126
2113
3736
3585
2329
3826
3021
1576
636
47
966
3506
1799
2218
2206
1886
1486
512
3625
2629
1340
869
1484
1839
3332
3460
656
3563
1807
2190
2974
2346
1171
1837
37
2509
1662
1377
1692
3347
1676
3430
1831
2976
1588
3952
1968
3450
2688
2246
2485
2617
3622
1292
115
1334
3341
2959
3302
1894
3393
1787
3167
2766
1279
3474
1533
3219
2293
1901
729
2674
1629
2799
3134
1282
1521
2769
1083
10
1074
330
388
1658
1851
3712
3511
1830
1344
2883
1465
1829
343
727
3224
1004
374
90
3925
1835
3608
1856
452
1408
963
2155
3324
841
2230
3455
1957
3102
2254
889
3438
540
3996
3631
2178
3852
3598
3532
1240
3056
3752
2006
840
2143
2117
1906
3429
3657
1808
3179
1070
160
3779
2378
3898
1430
274
3892
1071
2363
2564
3602
3018
144
1335
1566
3088
1168
3987
1586
3853
726
2762
618
2579
113
2698
970
820
2019
3897
3218
2460
809
1722
2224
1250
497
2259
2394
2729
3709
3501
3343
2774
1704
238
2892
2231
3331
2855
1215
2656
906
347
2661
2314
3519
2640
3212
3586
1749
1463
3258
564
3283
2440
3444
2577
255
2588
1603
3389
1832
429
2938
200
2141
653
386
352
2374
2076
3964
2043
2151
785
3950
3495
3483
1261
3183
181
286
3686
2842
3858
3685
807
150
1878
1900
3793
1638
2226
1495
863
2556
1267
1088
2073
588
3434
2358
2723
1713
1363
1102
2092
481
678
1862
1158
1866
1114
2438
3921
500
2532
650
1085
2845
2601
1823
1932
2650
273
3354
1437
2895
321
1172
1155
2837
1197
951
2912
715
3944
3115
1740
1701
1945
3588
2690
2924
1583
2998
1983
2202
3378
541
517
2102
3555
3681
3508
2196
844
1372
913
2448
3941
1796
912
1387
3320
2099
3407
1677
3806
2782
1030
3023
1414
2491
3885
2630
3103
2177
2228
3156
1346
782
880
2150
1873
3425
683
548
3662
1450
1115
1016
353
3019
3255
736
1066
167
1296
1976
1975
2107
398
2665
1191
241
3190
2024
152
3289
1211
2506
1457
1159
1806
2649
2049
879
1991
44
826
2518
1353
3596
1143
3871
3171
1512
2944
1208
1678
2520
2643
995
3229
622
233
3215
2127
2411
3129
1874
1264
3522
733
2909
3458
1248
2851
2963
3706
2565
2315
218
1187
2471
1525
3917
1756
3887
3420
2899
451
1656
3012
2637
2340
1328
220
2813
3193
2573
2819
3906
3327
3274
211
3269
904
3572
594
744
2548
340
214
2590
1581
735
2557
2920
307
2955
2748
1705
2834
1584
2236
2583
383
2805
520
3494
2304
3035
2168
465
3186
1840
892
554
3988
2145
2504
598
3275
1935
2368
2623
425
189
1378
613
3821
3106
3747
3239
1095
3136
2393
806
3922
2907
2529
1230
2436
1742
3463
1012
1896
895
3264
154
1097
372
1007
2625
1605
1712
3090
1139
3414
2459
2301
924
2682
435
331
382
2572
297
2348
1793
443
3405
2200
3613
1520
3905
243
3315
1050
3333
3773
551
466
3305
1501
2887
427
1402
2118
2248
1367
3715
118
3590
1318
3520
2090
3830
471
3177
3311
949
2064
620
183
2739
3108
2746
759
689
2941
1690
2917
3985
325
3579
1226
3412
1708
2356
1427
2743
1395
3234
1905
2691
3005
2361
3523
1948
2303
1691
1339
2995
1449
2849
2294
1949
1051
1244
2082
552
942
1350
511
2403
371
2227
819
2445
2891
3637
1253
2004
1053
257
2088
2848
1288
989
1496
263
1365
1965
1614
2521
692
3645
2969
1654
1020
1845
3217
1992
2554
2957
0
610
357
2355
3548
574
384
2735
61
907
460
81
3063
377
3955
1971
822
483
2297
470
662
531
2371
3822
204
32
1540
3205
691
3967
2016
3027
2309
3931
885
1956
768
351
3197
3669
3487
1370
2392
205
3875
1411
3722
2632
720
26
3810
1332
1091
336
1548
2453
2662
2161
3513
119
3153
1594
179
3672
539
1423
1107
2872
260
3411
3492
3788
2216
2544
2147
2882
1029
1403
626
3671
6
3524
1176
1827
2041
489
3962
2310
2395
2450
3521
990
1760
3805
679
528
2942
3013
3966
2011
3076
1648
404
1361
583
1926
29
2894
2410
2606
3603
3909
1652
1815
363
123
1127
295
2801
3623
3718
784
2539
2086
406
604
3719
1974
335
2187
68
3977
993
1562
3330
1316
984
3531
3245
1128
3202
753
2856
3886
2964
1206
1696
2174
549
477
654
921
780
1802
3594
3828
3565
2815
2985
1234
1010
235
3710
75
1238
1570
3256
2069
3000
2918
3468
2455
1750
874
1812
2054
3400
1681
495
2298
3800
1936
1552
2285
2199
3973
1132
593
700
1133
440
1251
1609
1043
3307
462
1476
1610
1998
2560
1946
3924
1813
2192
948
3993
3801
1685
346
2222
3451
2419
1268
3114
3443
3738
1034
2745
2060
803
3380
245
3010
2109
2473
3753
3462
3169
1747
3612
2686
2900
1229
3580
2085
2874
2589
3038
567
710
1508
3733
3584
54
458
2167
2607
1771
505
2039
2751
486
3170
417
2414
546
1035
943
553
2214
3959
91
1152
865
1781
3336
1751
3558
2091
3371
2391
771
3291
888
2781
416
3268
783
3293
2758
3032
177
597
902
135
1492
1551
192
2803
1941
991
751
605
1220
1754
1899
1966
1950
2026
1075
3983
1854
1100
752
1150
1045
197
2456
2176
864
455
1920
392
1266
1464
1982
1286
573
1910
2984
2788
17
3535
1668
3192
2731
3308
3223
3667
2439
2074
1759
2673
1224
174
3367
804
2999
3874
2260
2897
811
611
2741
2633
1637
2075
3861
436
3044
851
2528
19
270
2311
364
3058
1205
1963
1273
2066
3233
3611
2718
107
1616
3047
467
143
434
3022
2543
3794
3592
2467
2211
1515
464
721
1939
2545
394
1503
2287
3026
3978
3116
1441
488
532
2191
1312
1510
694
1156
1559
3456
3656
3276
3142
227
2108
649
1458
3417
2847
3238
2791
690
1703
2740
266
2312
2991
1698
3033
2217
1565
2618
1607
1090
1684
2789
725
2653
56
2328
1505
3031
1306
217
1125
1351
3338
2435
2699
3971
2189
571
2896
625
2406
102
2197
1599
1987
2965
590
2689
399
1880
2221
3746
2592
2279
1892
3797
413
3002
668
3879
2137
1907
1396
3655
766
60
3679
2015
3841
3769
1336
2716
3410
2571
3640
3855
750
988
2970
1103
2829
3957
3559
2561
2926
2283
278
45
675
747
3365
1921
3533
3294
1025
2516
2986
870
3812
3744
635
2295
1257
400
3990
1574
2608
3065
878
2160
1371
3827
1768
659
34
2165
3734
474
2759
2093
2725
1821
1895
2773
651
3004
2536
680
3259
3298
1181
2695
615
3642
1096
1927
345
2084
835
2997
1497
3028
917
1917
3900
3979
2130
2003
2235
2989
2761
2817
1341
349
1769
1317
2250
1970
3397
3658
2106
2616
547
2333
3496
3824
1653
1221
94
1518
3670
893
2051
2336
412
1192
2569
1005
2497
2402
3599
64
2341
3556
2764
1879
2119
3036
1626
1480
3086
3322
543
463
1014
3318
1877
1482
86
3650
2431
1642
2385
1069
2594
1400
903
1890
911
1333
2809
1324
3209
1560
1710
1262
71
491
194
2027
1627
1989
3765
3415
693
900
3956
444
1867
3107
536
3364
779
914
2362
3862
196
2767
2806
55
843
3208
1649
1032
1126
3696
3433
2447
1456
1745
2651
3653
1232
1850
3439
3845
2322
1068
1304
3011
261
3643
1630
652
1585
77
7
639
596
225
2038
1374
2531
3981
3762
2247
926
2389
252
2263
1243
1293
3770
2514
2204
1774
1530
737
1117
2624
3907
3431
2733
1524
2519
244
3325
3716
3158
380
997
633
3060
2063
2466
846
3062
967
3961
424
2089
2559
2821
3595
1635
2379
2878
3757
3334
3404
3386
2173
776
1770
1198
1422
732
858
985
145
1445
3210
579
2835
1434
2823
1483
3991
1113
3490
555
281
354
2843
2281
947
1295
2053
3072
1606
767
138
1481
1218
706
1847
1398
2180
1741
1775
1728
2251
1964
2780
1173
950
456
1134
1779
2611
2542
1519
1393
2470
2423
1145
3290
743
891
2110
1809
3820
287
3091
2752
1054
1241
2692
1086
1621
3728
2707
1002
1838
1571
1911
3553
1182
1404
186
1342
1246
2978
1881
2261
2280
2523
3097
1037
2172
2062
1471
389
2492
616
3075
3253
308
582
1011
973
2755
1135
3649
2418
1789
2954
1323
467
3090
3650
895
2363
1764
1568
2545
2457
1613
2387
160
3083
957
456
3377
1634
1304
3370
1994
1631
1821
1699
2733
2925
3796
2711
946
3175
1305
810
962
208
528
3773
221
1423
1187
87
292
494
3218
796
264
918
2480
771
1052
1929
2539
1437
2922
3537
1161
735
2966
3405
2345
475
601
2968
2248
3721
1074
2600
3916
194
1616
163
1672
567
786
2134
3847
2883
2555
1413
1066
2487
3656
212
1829
1261
2590
1366
1714
670
3039
273
1548
367
2793
860
2699
3168
2071
3940
1180
577
3614
3931
3833
3756
428
1260
56
47
2794
2237
702
1103
3084
2428
497
636
2219
1759
1484
1993
3844
76
2353
2029
2523
2127
2244
245
1253
3952
685
1446
206
1518
2962
2604
3462
2102
48
1700
3271
1673
3887
1520
3961
1996
3063
3521
3223
272
2130
1758
3924
3632
1487
3955
3811
3537
2392
622
829
1856
1773
1552
1810
2644
1046
348
3308
632
2253
286
904
2873
3456
2208
1760
3065
3077
3618
2529
3633
3995
41
2162
1500
174
3784
1512
809
1133
513
865
2255
2968
3857
3077
1802
920
367
3985
1750
3898
1909
847
3023
2427
2976
725
1568
1027
1121
2629
679
2538
2319
804
593
309
3978
2133
3045
2277
2178
1610
3822
339
268
2113
3448
483
3384
137
3785
142
2560
2511
2965
2769
3394
1729
2578
3140
2568
2082
440
3211
1343
2743
1123
2576
206
2268
2544
1088
3808
1701
3534
196
3607
3306
2079
3502
1136
3401
955
2312
3880
644
2808
1269
3967
2000
36
3452
2909
684
3681
1498
2149
231
2588
3108
2316
1218
3813
311
224
903
2478
951
1012
1974
3042
701
2956
2470
1953
881
3315
1979
1505
1842
3341
2715
1020
3215
3497
187
2489
3124
1995
2834
633
3203
31
1739
784
1643
3461
718
1384
1219
262
2617
2290
2862
2051
1754
3548
2186
2108
567
217
1707
477
2535
1079
2244
3303
1321
1397
3184
3987
1872
3180
2310
1620
3838
2552
1806
646
848
1243
529
1357
3934
767
1882
2205
2022
2124
2596
475
682
221
293
1726
1929
1228
2202
2070
1271
1813
17
1132
3622
335
3725
3018
217
1236
1616
3859
1144
2666
1789
2081
2714
1469
3813
2324
3895
3611
122
2126
2873
2129
3380
2138
2683
1782
2052
1745
3115
2611
1202
2111
3823
3808
947
1518
2773
1515
232
3471
2236
1252
1854
2960
2843
2612
189
991
2194
3746
2503
2231
1005
3353
3755
3036
1045
1898
2241
1424
821
1136
2422
2995
2003
3375
2830
170
2359
3214
2376
201
141
2406
360
105
1808
2956
3856
3562
3127
1926
3987
2705
1102
820
2323
3258
991
1809
3529
621
553
1823
1975
998
1046
1384
3834
911
3870
1907
2939
3973
3647
3213
2094
401
2340
3816
1729
2856
2028
2533
3019
630
1536
1134
3216
3638
1861
3346
1772
230
1560
1426
1961
2852
2812
3944
2783
1190
2992
3201
3055
2617
568
575
2474
969
1650
2526
2251
1480
1960
2329
2986
3021
861
1916
2875
2783
1746
122
1220
2269
341
498
2595
3524
1093
1861
2487
175
671
2491
2093
3029
2610
2914
1145
349
3188
2131
2078
2118
1553
1954
1946
330
2132
2009
970
2557
3403
3691
3233
805
3293
1604
606
1796
3707
865
231
3354
1404
3060
3409
1805
3311
143
2562
1876
27
599
1792
3475
486
183
1357
1070
2296
2108
2134
3632
3579
3216
23
932
1258
2077
2748
1573
1422
2966
504
2352
2978
223
2802
2000
1870
2871
179
2908
745
3360
2958
3046
3234
256
537
508
2092
2204
3819
420
2661
2937
3710
2353
3983
1007
3763
1147
619
3411
696
3736
2814
600
1445
1338
2809
1928
254
2728
2066
1596
2051
3363
3567
1374
3579
3195
2368
1360
3480
2445
359
1512
3553
2631
1232
2249
3236
1357
2446
3415
1412
3467
3303
1140
683
3256
1546
3027
1213
1451
476
3197
1136
931
1741
1719
793
1682
1663
3293
553
3818
3049
1115
3191
66
428
62
162
2904
115
3763
1529
459
3244
2569
1339
3298
1520
126
1816
2756
3750
2873
2351
1380
2730
956
1291
3207
3877
1748
1145
2698
3892
582
671
4
3763
2644
3769
3134
1913
1691
3606
2837
2883
1418
202
2581
2114
139
19
1504
546
1929
2897
1643
2881
902
1393
1152
3553
3799
602
1268
2196
3109
2054
1305
1146
1778
3538
741
2911
2275
2291
3055
296
3532
2017
2558
729
2836
514
1000
152
1270
3513
3363
1924
3554
2100
2020
2292
324
1546
1740
2304
2337
1381
1466
1106
1336
3783
139
3239
2920
3056
3979
697
3995
191
604
637
1224
1032
3050
3283
2039
395
2174
919
3148
899
2628
2981
3469
2939
2712
1568
1615
3979
2123
1713
3110
843
2868
2500
3810
2293
2714
3035
3656
2395
856
419
133
135
3524
2288
789
1770
3745
597
3338
3718
3748
3232
3834
3905
3634
1108
3286
57
952
3931
895
2681
570
574
3026
3860
1702
862
1206
2019
256
1046
3339
2212
1295
2654
1659
2166
2983
2472
848
1114
683
3560
1390
3165
1133
3981
19
71
3770
3973
2972
16
2098
2944
2888
463
1642
2438
3770
1229
2331
631
106
2233
973
1894
908
1592
3001
2840
465
1222
2134
1568
1312
3502
2940
800
2886
1497
1343
2489
3375
2690
1267
2816
1833
1873
3046
1414
2029
539
582
2009
4
1121
1253
3790
2516
2389
2216
590
3677
1247
1401
2764
1174
2964
3181
1518
3579
2192
1393
821
2388
2519
3658
308
3538
701
726
2488
3470
904
3657
380
3135
3048
1966
1673
883
1727
3473
3698
1620
1247
1278
213
801
2326
844
2773
3510
1342
796
1709
3741
1954
1207
1646
3096
139
3607
1949
3239
3502
69
3920
3926
3272
226
1080
